0.087084,0.095473
0.094462,0.095410
0.092558,0.095328
0.090922,0.095372
0.092482,0.095368
0.094779,0.095414
0.095211,0.095356
0.095846,0.095422
0.061942,0.095410
0.071037,0.095406
0.101119,0.095473
0.092072,0.095484
0.090922,0.095419
0.091796,0.095381
0.094861,0.095401
0.062931,0.095339
0.066881,0.095445
0.089431,0.095296
0.093149,0.095368
0.062702,0.095432
0.085278,0.095438
0.122347,0.095327
0.093048,0.095411
0.080157,0.095324
0.075274,0.095295
0.097276,0.095386
0.088573,0.095398
0.062408,0.095367
0.080263,0.095247
0.062881,0.095502
0.080893,0.095318
0.082701,0.095491
