0.056991,0.064470
0.043021,0.064370
0.060260,0.064520
0.042890,0.064452
0.050839,0.064376
0.063668,0.064439
0.065474,0.064347
0.043648,0.064609
0.042550,0.064501
0.042958,0.064525
0.062038,0.064387
0.058566,0.064418
0.047394,0.064361
0.055086,0.064550
0.058792,0.064481
0.066747,0.064488
0.070715,0.064583
0.070086,0.064291
0.043205,0.064351
0.067581,0.064547
0.070032,0.064470
0.056363,0.064514
0.074281,0.064393
0.067089,0.064413
0.070701,0.064272
0.071430,0.064231
0.042462,0.064408
0.042710,0.064414
0.042392,0.064464
0.042664,0.064399
0.042605,0.064502
0.042743,0.064583
