0.071723,0.024842
0.054790,0.024883
0.060385,0.024852
0.069832,0.024846
0.060315,0.024869
0.068227,0.024855
0.041117,0.024911
0.052676,0.024887
0.064391,0.024856
0.048841,0.024889
0.047851,0.024908
0.051203,0.024904
0.041351,0.024903
0.050436,0.024908
0.070365,0.024863
0.041166,0.024906
0.066291,0.024856
0.046055,0.024898
0.040984,0.024911
0.063933,0.024860
0.061282,0.024855
0.060642,0.024855
0.041471,0.024915
0.041111,0.024907
0.047711,0.024892
0.049782,0.024877
0.052671,0.024883
0.068092,0.024852
0.067087,0.024856
0.055941,0.024877
0.065595,0.024865
0.067515,0.024852
