0.077991,0.048267
0.072689,0.048260
0.051001,0.048291
0.052832,0.048327
0.051960,0.048293
0.051023,0.048292
0.081231,0.048268
0.075913,0.048270
0.075926,0.048257
0.050818,0.048308
0.071588,0.048290
0.079887,0.048278
0.076955,0.048272
0.053076,0.048308
0.068197,0.048280
0.051197,0.048306
0.054231,0.048300
0.071327,0.048278
0.083379,0.048274
0.080418,0.048262
0.051449,0.048287
0.076486,0.048281
0.066120,0.048286
0.073192,0.048261
0.067039,0.048272
0.080568,0.048276
0.082370,0.048267
0.050787,0.048295
0.060651,0.048289
0.072154,0.048286
0.067260,0.048272
0.080956,0.048254
