0.039561,0.002887
0.031473,0.002891
0.028574,0.002894
0.026650,0.002889
0.026894,0.002893
0.026417,0.002892
0.040856,0.002893
0.031757,0.002890
0.027752,0.002895
0.026612,0.002892
0.047737,0.002887
0.052050,0.002883
0.037887,0.002886
0.032141,0.002888
0.028864,0.002896
0.032090,0.002894
0.026473,0.002892
0.026228,0.002896
0.047703,0.002891
0.033051,0.002890
0.044534,0.002894
0.047929,0.002886
0.042674,0.002885
0.031452,0.002891
0.029585,0.002889
0.027003,0.002894
0.045032,0.002888
0.033649,0.002893
0.029328,0.002888
0.026543,0.002890
0.026526,0.002889
0.026677,0.002895
