0.032707,0.001820
0.027976,0.001822
0.038480,0.001820
0.031149,0.001816
0.027895,0.001821
0.026400,0.001820
0.040551,0.001816
0.040895,0.001819
0.031647,0.001820
0.027265,0.001822
0.025491,0.001819
0.025477,0.001822
0.046127,0.001816
0.039136,0.001814
0.030649,0.001817
0.026358,0.001820
0.029928,0.001819
0.025363,0.001820
0.037355,0.001817
0.032161,0.001819
0.028306,0.001816
0.044625,0.001818
0.033076,0.001819
0.029376,0.001818
0.027014,0.001822
0.026009,0.001819
0.026096,0.001820
0.025257,0.001810
0.026009,0.001820
0.031007,0.001817
0.028961,0.001821
0.028274,0.001819
