0.089587,0.089287
0.072792,0.089315
0.090157,0.089264
0.088246,0.089296
0.091268,0.089278
0.059957,0.089288
0.060371,0.089315
0.091914,0.089278
0.059990,0.089310
0.068505,0.089321
0.059993,0.089325
0.088798,0.089280
0.093670,0.089286
0.092826,0.089248
0.059821,0.089309
0.059689,0.089327
0.079523,0.089287
0.061848,0.089316
0.080249,0.089307
0.087943,0.089287
0.097346,0.089268
0.095209,0.089291
0.094530,0.089264
0.082394,0.089267
0.059794,0.089298
0.090521,0.089269
0.086340,0.089279
0.093435,0.089304
0.109776,0.089249
0.081576,0.089285
0.063855,0.089311
0.088744,0.089292
