0.059477,0.031808
0.054516,0.031834
0.067532,0.031784
0.053564,0.031823
0.054661,0.031800
0.060253,0.031816
0.054450,0.031816
0.068685,0.031791
0.042583,0.031837
0.054763,0.031816
0.052301,0.031822
0.067456,0.031785
0.054192,0.031828
0.065534,0.031798
0.062223,0.031796
0.046992,0.031837
0.066930,0.031786
0.040643,0.031849
0.055435,0.031811
0.065663,0.031806
0.065600,0.031811
0.065495,0.031807
0.067293,0.031792
0.041702,0.031856
0.056710,0.031809
0.062832,0.031805
0.047642,0.031834
0.066613,0.031794
0.064642,0.031804
0.067999,0.031802
0.064963,0.031812
0.059214,0.031799
