0.023721,0.000408
0.023547,0.000409
0.023946,0.000408
0.025609,0.000406
0.023931,0.000409
0.029337,0.000410
0.036894,0.000413
0.030793,0.000412
0.028301,0.000408
0.027796,0.000410
0.043916,0.000413
0.039586,0.000423
0.029156,0.000410
0.026285,0.000411
0.025538,0.000405
0.042569,0.000413
0.026910,0.000408
0.035535,0.000412
0.028669,0.000409
0.035550,0.000412
0.030388,0.000411
0.038335,0.000414
0.030159,0.000411
0.033827,0.000412
0.028370,0.000410
0.026374,0.000407
0.025245,0.000408
0.023929,0.000408
0.032697,0.000411
0.029098,0.000412
0.026534,0.000411
0.025335,0.000408
