0.100868,0.195333
0.097670,0.195131
0.092480,0.195498
0.098705,0.195310
0.096756,0.195100
0.094260,0.195602
0.074163,0.195688
0.098593,0.195469
0.097805,0.194937
0.064171,0.195094
0.064145,0.195149
0.096198,0.195333
0.092681,0.195065
0.066882,0.195497
0.081594,0.195431
0.064334,0.195542
0.082440,0.195075
0.092915,0.194947
0.098862,0.195176
0.063942,0.195013
0.091673,0.195439
0.101269,0.195636
0.095208,0.195368
0.081674,0.194876
0.096520,0.195385
0.093028,0.195567
0.087597,0.195637
0.064006,0.194895
0.087138,0.194839
0.100455,0.195249
0.092260,0.195595
0.078465,0.195265
