0.059791,0.031949
0.043954,0.031987
0.044770,0.031863
0.060364,0.031871
0.059317,0.031798
0.060315,0.031907
0.051146,0.031771
0.059397,0.031847
0.054671,0.031913
0.035518,0.031739
0.047590,0.031900
0.050175,0.031792
0.035822,0.031947
0.058308,0.031729
0.036111,0.031840
0.035988,0.031857
0.054441,0.031985
0.040092,0.031745
0.035299,0.031754
0.035254,0.031918
0.048893,0.032027
0.053532,0.031883
0.035455,0.031744
0.035171,0.031949
0.035571,0.031886
0.035656,0.031822
0.037937,0.031996
0.048812,0.032014
0.057468,0.031911
0.044430,0.031954
0.057075,0.031872
0.040586,0.031944
