0.045083,0.038689
0.049461,0.038671
0.052639,0.038654
0.071669,0.038636
0.069211,0.038629
0.066692,0.038640
0.044244,0.038697
0.046265,0.038677
0.056027,0.038668
0.041331,0.038688
0.051316,0.038670
0.041644,0.038688
0.041510,0.038691
0.057639,0.038649
0.041417,0.038689
0.041462,0.038685
0.041745,0.038699
0.047167,0.038693
0.065706,0.038639
0.047004,0.038688
0.042570,0.038687
0.054830,0.038650
0.060886,0.038647
0.063254,0.038629
0.069123,0.038635
0.044419,0.038688
0.065597,0.038629
0.069098,0.038610
0.067482,0.038628
0.046312,0.038683
0.041672,0.038693
0.066962,0.038634
