0.074629,0.113587
0.097166,0.113565
0.100627,0.113524
0.074771,0.113572
0.089371,0.113563
0.069554,0.113643
0.067577,0.113571
0.094794,0.113552
0.096934,0.113542
0.105472,0.113567
0.098819,0.113509
0.107092,0.113497
0.097884,0.113511
0.071009,0.113581
0.097269,0.113581
0.067446,0.113640
0.110541,0.113495
0.103013,0.113554
0.067315,0.113582
0.087216,0.113534
0.068196,0.113600
0.091597,0.113565
0.091803,0.113543
0.103615,0.113583
0.097370,0.113455
0.099005,0.113528
0.105115,0.113540
0.101221,0.113559
0.076559,0.113581
0.076936,0.113568
0.099966,0.113544
0.066746,0.113630
