0.043223,0.034362
0.043307,0.034361
0.043230,0.034352
0.043734,0.034346
0.069783,0.034269
0.071128,0.034299
0.043846,0.034350
0.055087,0.034340
0.064880,0.034295
0.054960,0.034330
0.070367,0.034305
0.064301,0.034300
0.049937,0.034343
0.048558,0.034337
0.045818,0.034346
0.064415,0.034297
0.064587,0.034288
0.072258,0.034275
0.071617,0.034292
0.073074,0.034256
0.071121,0.034279
0.071080,0.034296
0.071584,0.034279
0.047035,0.034318
0.062837,0.034299
0.068101,0.034292
0.045310,0.034361
0.060018,0.034286
0.068075,0.034288
0.070795,0.034261
0.044235,0.034354
0.051748,0.034343
