0.061527,0.025503
0.062423,0.025483
0.063373,0.025484
0.062987,0.025488
0.045471,0.025503
0.062900,0.025492
0.065009,0.025478
0.063520,0.025486
0.037984,0.025527
0.053991,0.025489
0.059775,0.025484
0.060346,0.025486
0.060972,0.025482
0.052044,0.025498
0.064087,0.025483
0.062477,0.025483
0.043550,0.025515
0.046344,0.025523
0.061415,0.025497
0.063571,0.025491
0.065257,0.025477
0.063328,0.025492
0.065260,0.025477
0.061939,0.025490
0.068819,0.025480
0.038139,0.025518
0.051284,0.025505
0.043802,0.025523
0.060336,0.025494
0.051761,0.025499
0.041735,0.025521
0.053422,0.025493
