0.040959,0.014224
0.036417,0.014255
0.034041,0.014250
0.034237,0.014268
0.040230,0.014242
0.053752,0.014209
0.054012,0.014220
0.054072,0.014216
0.056823,0.014221
0.058123,0.014205
0.056570,0.014236
0.038658,0.014220
0.058688,0.014199
0.051431,0.014208
0.061339,0.014221
0.042194,0.014231
0.040418,0.014231
0.034138,0.014248
0.033959,0.014241
0.041596,0.014225
0.035042,0.014235
0.034338,0.014250
0.034185,0.014240
0.034672,0.014238
0.034285,0.014267
0.043438,0.014232
0.034965,0.014235
0.047194,0.014209
0.061545,0.014206
0.059923,0.014211
0.038968,0.014231
0.051867,0.014223
