0.093034,0.121992
0.069891,0.122078
0.097307,0.122011
0.099661,0.121993
0.066223,0.122067
0.090623,0.122039
0.097086,0.122041
0.105029,0.122025
0.075984,0.122028
0.067707,0.122048
0.066123,0.122066
0.070322,0.122067
0.071241,0.122053
0.097884,0.122023
0.097615,0.122048
0.099335,0.122012
0.095545,0.122041
0.099297,0.122005
0.071394,0.122041
0.084352,0.122031
0.099893,0.122032
0.095907,0.122041
0.099816,0.122031
0.099867,0.122034
0.093906,0.122040
0.082325,0.122046
0.066578,0.122056
0.083477,0.122034
0.100831,0.122005
0.090618,0.122032
0.097602,0.122034
0.099481,0.122051
