0.031930,0.011725
0.032058,0.011723
0.032142,0.011721
0.040364,0.011709
0.040786,0.011713
0.051841,0.011700
0.057459,0.011716
0.054114,0.011719
0.057316,0.011718
0.039387,0.011721
0.035384,0.011732
0.052769,0.011705
0.038980,0.011719
0.056089,0.011714
0.038986,0.011703
0.040423,0.011724
0.033628,0.011728
0.031914,0.011727
0.032039,0.011725
0.033209,0.011715
0.031863,0.011729
0.040482,0.011702
0.049001,0.011706
0.055062,0.011705
0.049918,0.011710
0.052166,0.011716
0.038833,0.011717
0.033880,0.011720
0.043770,0.011705
0.052685,0.011713
0.036144,0.011726
0.055316,0.011706
