0.036083,0.010878
0.035116,0.010852
0.029164,0.010834
0.029338,0.010877
0.042616,0.010831
0.041092,0.010844
0.032971,0.010897
0.047654,0.010841
0.033786,0.010896
0.046144,0.010863
0.035138,0.010829
0.030752,0.010896
0.035831,0.010934
0.033841,0.010886
0.029697,0.010833
0.029341,0.010865
0.034056,0.010834
0.044412,0.010910
0.051425,0.010863
0.051485,0.010907
0.035486,0.010846
0.051670,0.010876
0.051426,0.010843
0.051340,0.010857
0.037319,0.010856
0.033218,0.010840
0.029670,0.010872
0.048965,0.010838
0.044394,0.010886
0.032951,0.010875
0.038416,0.010905
0.037671,0.010872
