0.056421,0.023586
0.062022,0.023585
0.052084,0.023596
0.062188,0.023576
0.072529,0.023579
0.062629,0.023566
0.047405,0.023602
0.042092,0.023611
0.052598,0.023602
0.049392,0.023620
0.061799,0.023557
0.044711,0.023610
0.061990,0.023593
0.046379,0.023598
0.052790,0.023609
0.061830,0.023582
0.041332,0.023614
0.055475,0.023591
0.058876,0.023586
0.067573,0.023565
0.037723,0.023614
0.041617,0.023624
0.043810,0.023608
0.037912,0.023614
0.053500,0.023585
0.050971,0.023610
0.044784,0.023621
0.037569,0.023621
0.061161,0.023582
0.049164,0.023596
0.062819,0.023583
0.044868,0.023612
