0.082044,0.060990
0.076305,0.060975
0.049317,0.061010
0.071578,0.060987
0.050034,0.061029
0.077794,0.060998
0.073683,0.061011
0.076756,0.060983
0.079993,0.060964
0.076771,0.060994
0.077335,0.060981
0.076953,0.060968
0.072991,0.060986
0.049967,0.061025
0.078865,0.060981
0.049947,0.061007
0.079694,0.060994
0.077473,0.060964
0.054848,0.061017
0.056112,0.061003
0.079994,0.060992
0.072725,0.060993
0.049637,0.061011
0.069476,0.060981
0.079073,0.060981
0.077863,0.061000
0.057242,0.060996
0.080854,0.060975
0.080143,0.060969
0.067210,0.060998
0.081012,0.060981
0.082413,0.060964
