0.041763,0.000955
0.035504,0.000953
0.046259,0.000954
0.047540,0.000957
0.045443,0.000952
0.034163,0.000956
0.045382,0.000954
0.030830,0.000952
0.032197,0.000955
0.028193,0.000956
0.033323,0.000953
0.029418,0.000956
0.035206,0.000954
0.026169,0.000957
0.025247,0.000954
0.025286,0.000957
0.024958,0.000955
0.024529,0.000954
0.024894,0.000956
0.024673,0.000955
0.037945,0.000953
0.029757,0.000952
0.026199,0.000962
0.024811,0.000952
0.024464,0.000957
0.024513,0.000956
0.024640,0.000957
0.028269,0.000956
0.025947,0.000956
0.032684,0.000955
0.039151,0.000953
0.026958,0.000955
