0.033385,0.010668
0.033184,0.010670
0.051661,0.010665
0.044826,0.010663
0.038793,0.010667
0.037310,0.010675
0.033354,0.010673
0.033894,0.010679
0.033098,0.010668
0.033070,0.010693
0.037319,0.010672
0.038941,0.010659
0.036012,0.010680
0.050480,0.010647
0.039506,0.010669
0.034911,0.010686
0.033432,0.010673
0.042814,0.010660
0.057632,0.010634
0.056359,0.010644
0.058103,0.010658
0.063032,0.010648
0.039047,0.010681
0.035687,0.010670
0.039899,0.010661
0.034736,0.010677
0.033125,0.010684
0.033451,0.010673
0.033362,0.010687
0.032987,0.010685
0.038181,0.010684
0.034154,0.010672
