0.034983,0.006064
0.051946,0.006071
0.029315,0.006062
0.029450,0.006052
0.029641,0.006060
0.041486,0.006064
0.034814,0.006060
0.046046,0.006065
0.034232,0.006058
0.049939,0.006064
0.039397,0.006066
0.045302,0.006068
0.039452,0.006061
0.053284,0.006065
0.042882,0.006064
0.035346,0.006062
0.031537,0.006065
0.030008,0.006063
0.030108,0.006063
0.029630,0.006063
0.029280,0.006066
0.032965,0.006062
0.030508,0.006061
0.029398,0.006067
0.029931,0.006064
0.029459,0.006059
0.029907,0.006062
0.045960,0.006067
0.035554,0.006068
0.052595,0.006072
0.031867,0.006065
0.032237,0.006065
