0.050711,0.027375
0.062779,0.027372
0.052212,0.027375
0.046585,0.027391
0.053977,0.027383
0.066960,0.027359
0.068890,0.027335
0.059876,0.027367
0.039783,0.027394
0.046701,0.027390
0.039908,0.027408
0.066081,0.027355
0.063033,0.027356
0.063392,0.027366
0.063120,0.027370
0.049959,0.027375
0.064715,0.027346
0.064725,0.027359
0.046611,0.027387
0.039228,0.027409
0.038862,0.027398
0.064187,0.027376
0.057314,0.027364
0.065594,0.027343
0.044407,0.027388
0.066692,0.027355
0.065300,0.027352
0.064881,0.027355
0.064821,0.027355
0.065592,0.027362
0.064372,0.027351
0.039110,0.027417
