0.023933,0.000254
0.023617,0.000254
0.023547,0.000252
0.031522,0.000259
0.027506,0.000255
0.025594,0.000255
0.024162,0.000254
0.024034,0.000254
0.023585,0.000254
0.023702,0.000254
0.026329,0.000254
0.024876,0.000254
0.024114,0.000252
0.024041,0.000253
0.023744,0.000254
0.023812,0.000254
0.036054,0.000258
0.042354,0.000257
0.030679,0.000257
0.027574,0.000255
0.025465,0.000254
0.024069,0.000253
0.041360,0.000260
0.032684,0.000256
0.042789,0.000258
0.043948,0.000260
0.026637,0.000255
0.024373,0.000254
0.028167,0.000255
0.023870,0.000253
0.026246,0.000254
0.024021,0.000255
