0.031059,0.014721
0.038487,0.014781
0.032606,0.014844
0.047069,0.014779
0.038504,0.014784
0.033789,0.014853
0.050626,0.014710
0.052025,0.014718
0.035783,0.014734
0.030813,0.014765
0.031941,0.014760
0.034622,0.014743
0.031030,0.014763
0.034531,0.014716
0.030336,0.014685
0.030640,0.014731
0.030463,0.014736
0.052273,0.014764
0.046386,0.014732
0.052312,0.014841
0.037852,0.014764
0.032229,0.014783
0.030330,0.014727
0.031011,0.014780
0.046428,0.014683
0.053769,0.014827
0.040228,0.014738
0.052109,0.014725
0.054622,0.014689
0.053910,0.014739
0.058281,0.014752
0.033407,0.014675
