0.023792,0.000356
0.023671,0.000355
0.029849,0.000356
0.034716,0.000358
0.043886,0.000360
0.031672,0.000356
0.042841,0.000360
0.044358,0.000358
0.031012,0.000357
0.042642,0.000360
0.038563,0.000359
0.031047,0.000356
0.027293,0.000355
0.023973,0.000352
0.023775,0.000354
0.023834,0.000354
0.024024,0.000355
0.023857,0.000355
0.031272,0.000356
0.027191,0.000355
0.025518,0.000355
0.023666,0.000353
0.034700,0.000356
0.028021,0.000356
0.045948,0.000359
0.043468,0.000361
0.034125,0.000360
0.045324,0.000362
0.031060,0.000357
0.029040,0.000356
0.025567,0.000355
0.023735,0.000354
