0.029322,0.000202
0.027789,0.000202
0.025895,0.000200
0.034313,0.000205
0.028364,0.000203
0.025823,0.000201
0.024079,0.000199
0.023626,0.000200
0.023371,0.000200
0.023861,0.000201
0.023503,0.000199
0.023288,0.000200
0.023540,0.000200
0.023752,0.000199
0.023535,0.000199
0.033705,0.000203
0.026312,0.000201
0.025782,0.000200
0.024213,0.000200
0.023267,0.000200
0.023337,0.000199
0.023511,0.000200
0.023520,0.000200
0.023748,0.000200
0.023364,0.000200
0.023798,0.000200
0.023937,0.000202
0.023695,0.000199
0.039711,0.000203
0.030662,0.000201
0.032447,0.000203
0.029086,0.000201
