0.092577,0.067984
0.061945,0.068064
0.085997,0.068014
0.058302,0.068081
0.055646,0.068088
0.075575,0.068046
0.078155,0.068038
0.093114,0.068043
0.092933,0.068057
0.090428,0.068045
0.061397,0.068100
0.082124,0.067984
0.058754,0.068032
0.088373,0.068071
0.082772,0.068069
0.054467,0.068072
0.075831,0.068053
0.060838,0.068086
0.067489,0.068090
0.078208,0.068041
0.085741,0.068054
0.082834,0.068006
0.083682,0.068062
0.055657,0.068084
0.070097,0.068055
0.082689,0.068015
0.086676,0.068027
0.056366,0.068072
0.076646,0.068051
0.054457,0.068125
0.088210,0.068054
0.084092,0.068081
