0.088287,0.091431
0.089298,0.091460
0.089348,0.091461
0.063885,0.091487
0.068427,0.091470
0.060753,0.091474
0.078548,0.091491
0.089020,0.091457
0.073224,0.091464
0.090553,0.091466
0.059115,0.091477
0.083376,0.091458
0.069594,0.091473
0.071225,0.091487
0.070169,0.091469
0.088028,0.091457
0.059783,0.091489
0.058004,0.091474
0.087706,0.091462
0.082181,0.091460
0.102672,0.091453
0.089683,0.091455
0.058819,0.091486
0.062242,0.091477
0.092137,0.091452
0.088778,0.091466
0.058293,0.091488
0.080553,0.091465
0.086591,0.091464
0.091307,0.091451
0.058809,0.091467
0.058361,0.091493
