0.092754,0.083315
0.074434,0.082971
0.062051,0.083284
0.074924,0.082809
0.075303,0.083292
0.071921,0.083406
0.078012,0.083228
0.073717,0.083104
0.074457,0.083470
0.074898,0.082808
0.046817,0.083177
0.068622,0.083130
0.076603,0.083476
0.072183,0.083276
0.052978,0.083382
0.069431,0.083007
0.077114,0.083104
0.046856,0.083349
0.070835,0.082851
0.071293,0.083209
0.075242,0.083274
0.075147,0.082967
0.070782,0.083141
0.062654,0.083119
0.047105,0.082926
0.060332,0.082875
0.072651,0.083267
0.073207,0.083285
0.071510,0.083161
0.047692,0.082981
0.069540,0.082963
0.075708,0.083045
