0.036924,0.022286
0.038725,0.022341
0.056761,0.022222
0.060604,0.022142
0.060321,0.022251
0.039466,0.022155
0.052587,0.022276
0.035957,0.022240
0.033959,0.022189
0.033042,0.022169
0.032974,0.022352
0.041435,0.022178
0.052531,0.022123
0.058831,0.022249
0.061491,0.022193
0.056586,0.022178
0.054605,0.022319
0.055891,0.022231
0.054769,0.022264
0.059738,0.022193
0.056910,0.022162
0.056010,0.022197
0.054463,0.022352
0.038363,0.022216
0.057093,0.022198
0.040430,0.022249
0.057290,0.022240
0.033482,0.022234
0.032977,0.022141
0.033034,0.022195
0.033000,0.022286
0.032740,0.022239
