0.059733,0.076212
0.068412,0.076318
0.053718,0.076679
0.066107,0.076614
0.074501,0.076125
0.045946,0.076599
0.045033,0.076587
0.061605,0.076282
0.058902,0.076758
0.066603,0.076158
0.076320,0.076514
0.072861,0.076180
0.045821,0.076307
0.071541,0.076371
0.072640,0.076354
0.045217,0.076116
0.049809,0.076305
0.054347,0.076411
0.066489,0.076601
0.045243,0.076365
0.071742,0.076215
0.072889,0.076250
0.069194,0.076865
0.045572,0.076351
0.045246,0.076820
0.053623,0.076232
0.070152,0.076563
0.045290,0.076534
0.052445,0.076661
0.074263,0.076223
0.076482,0.076182
0.046577,0.076518
