0.025964,0.000868
0.024472,0.000870
0.024874,0.000870
0.024576,0.000869
0.024779,0.000871
0.024608,0.000867
0.024452,0.000869
0.043598,0.000869
0.030425,0.000869
0.026442,0.000867
0.025950,0.000872
0.024650,0.000867
0.024716,0.000869
0.024749,0.000871
0.024779,0.000870
0.024513,0.000867
0.024769,0.000868
0.024760,0.000869
0.024689,0.000870
0.028861,0.000867
0.042534,0.000872
0.042674,0.000873
0.033740,0.000868
0.025143,0.000869
0.032629,0.000868
0.028023,0.000863
0.026470,0.000867
0.034410,0.000867
0.037310,0.000872
0.045866,0.000872
0.033431,0.000868
0.041017,0.000871
