0.047407,0.053430
0.047199,0.053416
0.047496,0.053431
0.047285,0.053441
0.047584,0.053437
0.052705,0.053445
0.068723,0.053423
0.075040,0.053415
0.048306,0.053439
0.064431,0.053426
0.079536,0.053423
0.076112,0.053390
0.049041,0.053442
0.067637,0.053415
0.047598,0.053445
0.068426,0.053409
0.079511,0.053410
0.081402,0.053403
0.059503,0.053428
0.048612,0.053425
0.076956,0.053408
0.051880,0.053450
0.047803,0.053451
0.047728,0.053446
0.047653,0.053433
0.047810,0.053429
0.047589,0.053445
0.047641,0.053434
0.052061,0.053441
0.056618,0.053426
0.059199,0.053409
0.074342,0.053413
