0.081299,0.060098
0.073162,0.060132
0.082716,0.060095
0.062151,0.060112
0.054220,0.060125
0.083041,0.060105
0.070110,0.060108
0.052250,0.060081
0.052508,0.060104
0.056732,0.060098
0.082083,0.060107
0.069617,0.060120
0.052970,0.060103
0.079058,0.060121
0.080099,0.060115
0.082067,0.060091
0.065947,0.060134
0.052797,0.060137
0.082322,0.060126
0.076265,0.060102
0.079399,0.060112
0.079682,0.060089
0.082626,0.060110
0.053892,0.060126
0.073635,0.060099
0.085251,0.060107
0.054718,0.060085
0.052538,0.060114
0.073327,0.060098
0.052456,0.060131
0.065136,0.060117
0.094203,0.060103
