0.037049,0.009473
0.031786,0.009471
0.031042,0.009473
0.036862,0.009472
0.054143,0.009475
0.035507,0.009474
0.031048,0.009472
0.030935,0.009474
0.031256,0.009529
0.031050,0.009477
0.043270,0.009476
0.040751,0.009470
0.034979,0.009469
0.043132,0.009477
0.035244,0.009470
0.052092,0.009476
0.037555,0.009470
0.033111,0.009469
0.030944,0.009475
0.054187,0.009474
0.037614,0.009472
0.033135,0.009474
0.051814,0.009477
0.052202,0.009469
0.055049,0.009468
0.037992,0.009480
0.033282,0.009469
0.031183,0.009478
0.031187,0.009475
0.031358,0.009472
0.045566,0.009470
0.037826,0.009469
