0.023293,0.000087
0.027011,0.000089
0.023419,0.000087
0.023515,0.000087
0.023148,0.000088
0.023396,0.000088
0.023352,0.000088
0.028130,0.000088
0.024900,0.000087
0.036793,0.000093
0.027463,0.000089
0.039747,0.000093
0.038052,0.000093
0.027991,0.000090
0.025877,0.000093
0.037099,0.000093
0.026757,0.000090
0.025424,0.000088
0.023713,0.000089
0.023925,0.000088
0.023515,0.000089
0.023742,0.000088
0.032811,0.000091
0.042274,0.000092
0.042596,0.000093
0.039108,0.000093
0.030822,0.000090
0.028206,0.000090
0.025857,0.000089
0.023408,0.000088
0.023229,0.000089
0.023223,0.000087
