0.077329,0.090187
0.080658,0.090204
0.091797,0.090195
0.092129,0.090182
0.094636,0.090208
0.077555,0.090177
0.085883,0.090159
0.061559,0.090237
0.087043,0.090189
0.062005,0.090247
0.085622,0.090144
0.061604,0.090211
0.089156,0.090193
0.088781,0.090166
0.091975,0.090178
0.071417,0.090202
0.093032,0.090155
0.094036,0.090185
0.103130,0.090220
0.096775,0.090189
0.066990,0.090178
0.095757,0.090197
0.088409,0.090173
0.097403,0.090205
0.074749,0.090201
0.092183,0.090162
0.062897,0.090188
0.084626,0.090157
0.083531,0.090227
0.063382,0.090260
0.086695,0.090190
0.085902,0.090171
