0.066285,0.047243
0.057057,0.047253
0.066091,0.047239
0.047001,0.047297
0.078833,0.047223
0.068659,0.047232
0.072539,0.047230
0.074009,0.047218
0.084627,0.047227
0.074948,0.047222
0.045744,0.047288
0.051139,0.047258
0.064746,0.047235
0.074995,0.047230
0.052466,0.047282
0.072548,0.047236
0.056218,0.047237
0.076153,0.047234
0.072434,0.047233
0.050665,0.047269
0.069211,0.047221
0.075893,0.047245
0.048066,0.047286
0.058136,0.047262
0.065231,0.047220
0.045791,0.047277
0.063458,0.047240
0.055099,0.047248
0.072358,0.047208
0.047207,0.047266
0.058165,0.047246
0.069639,0.047217
