0.054164,0.021134
0.052984,0.021132
0.043246,0.021146
0.035164,0.021135
0.050493,0.021142
0.062019,0.021117
0.040336,0.021153
0.035737,0.021149
0.034929,0.021151
0.040678,0.021154
0.044268,0.021137
0.037134,0.021147
0.057864,0.021105
0.040510,0.021146
0.043607,0.021147
0.037617,0.021151
0.059300,0.021118
0.060848,0.021110
0.043476,0.021132
0.035338,0.021148
0.060602,0.021114
0.038502,0.021142
0.040760,0.021132
0.037869,0.021148
0.058083,0.021116
0.038851,0.021148
0.035304,0.021152
0.034905,0.021151
0.046004,0.021127
0.043259,0.021139
0.035801,0.021151
0.048463,0.021129
