0.046742,0.017213
0.058269,0.017193
0.062915,0.017190
0.042116,0.017214
0.044430,0.017207
0.060810,0.017196
0.061478,0.017197
0.063858,0.017187
0.038113,0.017231
0.052639,0.017211
0.052830,0.017201
0.047292,0.017207
0.041204,0.017208
0.061156,0.017185
0.052746,0.017202
0.060346,0.017204
0.060786,0.017200
0.061283,0.017191
0.063440,0.017182
0.066532,0.017174
0.061672,0.017191
0.037035,0.017217
0.034621,0.017229
0.034357,0.017221
0.043630,0.017220
0.037393,0.017240
0.053144,0.017202
0.038846,0.017225
0.054365,0.017210
0.034629,0.017232
0.036437,0.017226
0.039270,0.017212
