0.026746,0.002541
0.026111,0.002540
0.025724,0.002547
0.037176,0.002538
0.030893,0.002544
0.029064,0.002535
0.032896,0.002541
0.031738,0.002537
0.040668,0.002535
0.031245,0.002539
0.028790,0.002537
0.044152,0.002539
0.033918,0.002535
0.048910,0.002534
0.034353,0.002536
0.046273,0.002535
0.045451,0.002535
0.043864,0.002542
0.032827,0.002538
0.028547,0.002538
0.026747,0.002540
0.026152,0.002538
0.026167,0.002539
0.026563,0.002540
0.025799,0.002535
0.026316,0.002539
0.026297,0.002538
0.045230,0.002534
0.032146,0.002542
0.029806,0.002539
0.026585,0.002540
0.041368,0.002533
