0.034330,0.001465
0.029298,0.001474
0.026698,0.001474
0.029676,0.001475
0.025198,0.001476
0.025677,0.001474
0.029305,0.001474
0.038423,0.001471
0.045192,0.001470
0.047251,0.001471
0.042888,0.001471
0.049517,0.001468
0.047778,0.001468
0.048351,0.001472
0.028641,0.001470
0.026006,0.001473
0.025433,0.001473
0.025610,0.001475
0.025487,0.001476
0.025411,0.001473
0.025512,0.001474
0.025515,0.001471
0.025975,0.001472
0.026447,0.001479
0.039529,0.001471
0.031593,0.001474
0.029354,0.001472
0.038319,0.001475
0.029098,0.001476
0.026878,0.001468
0.025191,0.001477
0.035013,0.001473
