0.027668,0.003213
0.027759,0.003215
0.027432,0.003214
0.038938,0.003222
0.033188,0.003219
0.049240,0.003223
0.049463,0.003219
0.035514,0.003214
0.030929,0.003215
0.029654,0.003213
0.028422,0.003214
0.044718,0.003219
0.043158,0.003220
0.045758,0.003224
0.032785,0.003216
0.029632,0.003213
0.027353,0.003212
0.027881,0.003216
0.038460,0.003214
0.036835,0.003220
0.032079,0.003213
0.028418,0.003211
0.028788,0.003212
0.050262,0.003219
0.053250,0.003221
0.051044,0.003220
0.051451,0.003224
0.051730,0.003219
0.049972,0.003220
0.035466,0.003216
0.028209,0.003214
0.027780,0.003215
