0.064804,0.121395
0.064466,0.121430
0.060418,0.121448
0.083100,0.121424
0.099079,0.121361
0.064819,0.121439
0.091463,0.121367
0.091290,0.121393
0.103976,0.121378
0.082582,0.121401
0.065128,0.121452
0.081356,0.121404
0.102214,0.121367
0.101889,0.121373
0.095695,0.121402
0.103433,0.121371
0.065524,0.121422
0.080945,0.121376
0.081111,0.121412
0.099972,0.121375
0.091847,0.121374
0.091916,0.121387
0.096365,0.121394
0.099640,0.121403
0.104040,0.121383
0.064973,0.121439
0.083179,0.121396
0.064724,0.121427
0.084912,0.121415
0.090875,0.121402
0.085650,0.121409
0.064964,0.121440
