0.062034,0.043896
0.038951,0.043910
0.050929,0.043786
0.058328,0.043822
0.038774,0.043777
0.045960,0.043883
0.038310,0.043944
0.038084,0.043838
0.054874,0.043760
0.040629,0.043768
0.038386,0.043891
0.049756,0.043831
0.059844,0.043856
0.060846,0.043952
0.072436,0.043737
0.062732,0.043790
0.051121,0.043758
0.038273,0.043885
0.038275,0.043977
0.038421,0.043933
0.038025,0.043810
0.037988,0.043784
0.046400,0.043862
0.057318,0.043768
0.061203,0.043849
0.065340,0.043891
0.064502,0.043926
0.038763,0.043727
0.038356,0.043736
0.049580,0.043946
0.043360,0.043862
0.041839,0.043966
