0.079362,0.074598
0.091823,0.074595
0.086251,0.074579
0.054060,0.074631
0.083598,0.074617
0.054092,0.074634
0.053533,0.074620
0.057570,0.074651
0.080683,0.074612
0.086757,0.074597
0.059598,0.074619
0.054417,0.074627
0.079215,0.074607
0.078491,0.074592
0.062333,0.074617
0.085091,0.074574
0.084016,0.074601
0.082780,0.074593
0.072986,0.074629
0.082785,0.074595
0.091129,0.074559
0.055933,0.074642
0.085189,0.074586
0.053952,0.074624
0.062221,0.074636
0.079291,0.074596
0.053915,0.074627
0.082136,0.074596
0.066649,0.074617
0.083094,0.074599
0.066095,0.074610
0.054182,0.074646
