0.025366,0.001322
0.039013,0.001320
0.028923,0.001326
0.034211,0.001321
0.037932,0.001320
0.037571,0.001321
0.031331,0.001323
0.027497,0.001320
0.025383,0.001321
0.025294,0.001321
0.024935,0.001320
0.024967,0.001322
0.045511,0.001316
0.031037,0.001318
0.027088,0.001326
0.029388,0.001325
0.027787,0.001325
0.025494,0.001325
0.032993,0.001326
0.028051,0.001327
0.025755,0.001324
0.025608,0.001323
0.025196,0.001324
0.025308,0.001323
0.032318,0.001323
0.027965,0.001322
0.026322,0.001324
0.044630,0.001320
0.045617,0.001319
0.038618,0.001323
0.041948,0.001320
0.039086,0.001321
