0.069912,0.036313
0.046761,0.036355
0.068169,0.036324
0.056112,0.036351
0.068373,0.036317
0.067407,0.036335
0.045590,0.036374
0.047101,0.036359
0.070002,0.036314
0.046976,0.036366
0.067793,0.036323
0.069615,0.036312
0.044670,0.036370
0.050002,0.036350
0.060314,0.036337
0.068633,0.036319
0.068895,0.036316
0.068384,0.036320
0.084480,0.036313
0.046674,0.036360
0.044548,0.036384
0.047042,0.036372
0.059651,0.036316
0.043414,0.036390
0.047951,0.036354
0.053503,0.036339
0.067354,0.036304
0.052550,0.036353
0.042311,0.036374
0.073143,0.036301
0.062153,0.036336
0.069343,0.036298
