0.025960,0.001832
0.025620,0.001827
0.046453,0.001831
0.025727,0.001832
0.025465,0.001829
0.025799,0.001830
0.026189,0.001820
0.025775,0.001828
0.025904,0.001838
0.035431,0.001832
0.030013,0.001830
0.027268,0.001828
0.025806,0.001830
0.029170,0.001833
0.025983,0.001833
0.025617,0.001835
0.025762,0.001827
0.025865,0.001835
0.026127,0.001827
0.025905,0.001830
0.025543,0.001832
0.025449,0.001828
0.032240,0.001833
0.041276,0.001833
0.031755,0.001825
0.047181,0.001820
0.042022,0.001824
0.049647,0.001827
0.035626,0.001832
0.030564,0.001828
0.034082,0.001831
0.029128,0.001827
