0.044810,0.044714
0.044006,0.044706
0.044518,0.044708
0.044455,0.044715
0.055802,0.044717
0.048459,0.044716
0.057678,0.044698
0.045679,0.044719
0.060127,0.044677
0.055276,0.044711
0.046287,0.044710
0.072701,0.044670
0.072959,0.044639
0.076128,0.044650
0.076150,0.044646
0.045345,0.044700
0.062835,0.044651
0.070558,0.044654
0.074525,0.044629
0.070795,0.044662
0.045503,0.044722
0.057163,0.044681
0.051751,0.044703
0.067649,0.044643
0.046302,0.044726
0.060939,0.044653
0.045869,0.044713
0.049269,0.044702
0.072601,0.044656
0.044929,0.044720
0.058022,0.044679
0.065119,0.044658
