0.026935,0.001273
0.024823,0.001268
0.024836,0.001267
0.024827,0.001267
0.025025,0.001265
0.025425,0.001272
0.037553,0.001263
0.031641,0.001266
0.028477,0.001266
0.025951,0.001269
0.024765,0.001269
0.025165,0.001267
0.024670,0.001270
0.025041,0.001269
0.029130,0.001268
0.026281,0.001265
0.025001,0.001269
0.025025,0.001267
0.039440,0.001263
0.033376,0.001275
0.029374,0.001267
0.031928,0.001267
0.048542,0.001267
0.035066,0.001264
0.048098,0.001266
0.033730,0.001267
0.028610,0.001269
0.026051,0.001266
0.025301,0.001268
0.024724,0.001267
0.025239,0.001268
0.025294,0.001267
