0.061780,0.018738
0.059507,0.018738
0.062061,0.018753
0.062730,0.018735
0.047938,0.018745
0.036278,0.018768
0.036232,0.018771
0.037018,0.018770
0.059085,0.018725
0.054786,0.018729
0.036675,0.018796
0.037095,0.018782
0.061011,0.018705
0.065268,0.018736
0.065320,0.018737
0.066196,0.018743
0.062281,0.018769
0.061710,0.018730
0.037921,0.018769
0.036181,0.018769
0.042577,0.018793
0.036794,0.018771
0.036078,0.018774
0.036661,0.018779
0.061916,0.018733
0.058929,0.018748
0.051208,0.018739
0.061539,0.018749
0.063696,0.018742
0.037526,0.018752
0.036440,0.018755
0.053577,0.018732
