0.034508,0.002603
0.030582,0.002605
0.050774,0.002600
0.035373,0.002603
0.027959,0.002606
0.026499,0.002604
0.026676,0.002606
0.026243,0.002607
0.026505,0.002606
0.026668,0.002603
0.026073,0.002603
0.026455,0.002607
0.039554,0.002601
0.033137,0.002604
0.038320,0.002603
0.032098,0.002604
0.042565,0.002601
0.046319,0.002601
0.044814,0.002600
0.030831,0.002604
0.029807,0.002600
0.047220,0.002600
0.033051,0.002606
0.026562,0.002609
0.026138,0.002605
0.026203,0.002608
0.026565,0.002608
0.038661,0.002602
0.028067,0.002606
0.040557,0.002601
0.042004,0.002597
0.030446,0.002604
