0.096658,0.080312
0.057604,0.080356
0.057217,0.080347
0.056877,0.080382
0.094043,0.080325
0.057578,0.080376
0.074597,0.080327
0.090318,0.080294
0.089494,0.080307
0.092668,0.080311
0.077134,0.080312
0.073754,0.080337
0.080893,0.080317
0.083544,0.080339
0.087088,0.080325
0.086064,0.080328
0.090168,0.080320
0.061145,0.080377
0.063762,0.080325
0.083229,0.080315
0.056775,0.080346
0.079431,0.080349
0.070613,0.080363
0.084173,0.080359
0.093921,0.080298
0.082379,0.080341
0.090798,0.080341
0.057322,0.080380
0.079161,0.080342
0.056939,0.080360
0.081542,0.080340
0.091341,0.080315
