0.031148,0.003479
0.029271,0.003478
0.031617,0.003480
0.045596,0.003484
0.047623,0.003481
0.031597,0.003482
0.029643,0.003476
0.046505,0.003484
0.031652,0.003486
0.048476,0.003486
0.049564,0.003488
0.050584,0.003488
0.031105,0.003479
0.028693,0.003480
0.037749,0.003480
0.028777,0.003478
0.045569,0.003486
0.034715,0.003478
0.031209,0.003485
0.029669,0.003478
0.044713,0.003483
0.033541,0.003482
0.047149,0.003487
0.034819,0.003475
0.040332,0.003487
0.030062,0.003484
0.031313,0.003480
0.030951,0.003485
0.027288,0.003484
0.027390,0.003483
0.027209,0.003475
0.027220,0.003482
