0.050513,0.105342
0.050943,0.105300
0.078114,0.105665
0.077624,0.105532
0.071041,0.105586
0.059689,0.105199
0.073542,0.105414
0.078351,0.105176
0.079546,0.105685
0.058975,0.105308
0.080045,0.105337
0.077457,0.105591
0.079708,0.105570
0.051328,0.105280
0.050109,0.105484
0.050376,0.105350
0.057125,0.105802
0.050359,0.105398
0.080465,0.105388
0.050893,0.105140
0.082507,0.105672
0.050733,0.105740
0.074130,0.105232
0.080377,0.105577
0.050739,0.105678
0.072633,0.105358
0.071750,0.105332
0.072583,0.105549
0.079721,0.105322
0.050667,0.105927
0.055495,0.105716
0.075779,0.105606
