0.027526,0.003832
0.036202,0.003832
0.029874,0.003840
0.030979,0.003834
0.029249,0.003831
0.027565,0.003834
0.027345,0.003831
0.027657,0.003829
0.027298,0.003832
0.040192,0.003835
0.038223,0.003838
0.031294,0.003834
0.029321,0.003830
0.027183,0.003828
0.027596,0.003830
0.036395,0.003831
0.030670,0.003831
0.033059,0.003836
0.028079,0.003828
0.043993,0.003842
0.035687,0.003834
0.030320,0.003831
0.028343,0.003829
0.027812,0.003828
0.035341,0.003832
0.032257,0.003833
0.030580,0.003833
0.042158,0.003836
0.033412,0.003834
0.029811,0.003831
0.027357,0.003832
0.027212,0.003829
