0.065402,0.067272
0.077915,0.067280
0.052118,0.067302
0.051762,0.067301
0.080755,0.067267
0.083546,0.067248
0.065164,0.067267
0.051838,0.067300
0.081412,0.067286
0.060634,0.067290
0.081611,0.067258
0.052337,0.067322
0.054799,0.067276
0.058540,0.067298
0.059325,0.067296
0.068871,0.067283
0.051860,0.067288
0.073129,0.067276
0.080944,0.067267
0.051792,0.067315
0.071758,0.067282
0.051902,0.067299
0.051612,0.067314
0.073853,0.067271
0.067922,0.067302
0.078814,0.067288
0.084023,0.067266
0.080547,0.067265
0.080675,0.067259
0.074413,0.067289
0.053312,0.067291
0.072405,0.067279
