0.027105,0.003234
0.026827,0.003240
0.026767,0.003244
0.026441,0.003245
0.026395,0.003243
0.026619,0.003240
0.026343,0.003241
0.031588,0.003239
0.026196,0.003237
0.031639,0.003235
0.026926,0.003242
0.026549,0.003240
0.026616,0.003241
0.026685,0.003243
0.025905,0.003243
0.030517,0.003237
0.025796,0.003241
0.026646,0.003238
0.027180,0.003242
0.027600,0.003241
0.025769,0.003243
0.032355,0.003243
0.028382,0.003237
0.042388,0.003234
0.035287,0.003238
0.029800,0.003238
0.029035,0.003244
0.027018,0.003241
0.026691,0.003240
0.041736,0.003236
0.035921,0.003237
0.034423,0.003240
