0.067057,0.030200
0.041094,0.030244
0.052398,0.030221
0.040099,0.030245
0.054986,0.030211
0.064184,0.030207
0.053479,0.030218
0.054733,0.030206
0.043853,0.030232
0.060304,0.030200
0.042449,0.030245
0.046277,0.030220
0.062331,0.030200
0.071986,0.030182
0.065999,0.030195
0.067140,0.030191
0.067454,0.030201
0.067508,0.030200
0.056170,0.030195
0.066075,0.030194
0.066374,0.030206
0.043224,0.030232
0.040081,0.030239
0.059474,0.030190
0.066444,0.030197
0.042728,0.030242
0.056438,0.030197
0.067224,0.030196
0.044263,0.030240
0.047881,0.030228
0.073115,0.030193
0.040215,0.030246
