0.048265,0.047868
0.048593,0.047878
0.048549,0.047833
0.065252,0.047843
0.048623,0.047797
0.049059,0.047840
0.070189,0.047821
0.075067,0.047794
0.074451,0.047847
0.081083,0.047849
0.075981,0.047817
0.080126,0.047790
0.075622,0.047843
0.062310,0.047805
0.066369,0.047832
0.054987,0.047875
0.088617,0.047838
0.067583,0.047822
0.080039,0.047831
0.082753,0.047829
0.066552,0.047789
0.048679,0.047783
0.057043,0.047837
0.067413,0.047809
0.075546,0.047826
0.049005,0.047876
0.067584,0.047869
0.048950,0.047828
0.084217,0.047813
0.077987,0.047804
0.072017,0.047830
0.079998,0.047813
