0.023205,0.000027
0.023062,0.000030
0.030327,0.000031
0.037506,0.000034
0.031017,0.000030
0.026838,0.000030
0.031646,0.000030
0.032057,0.000031
0.028493,0.000031
0.036793,0.000031
0.028887,0.000031
0.026038,0.000029
0.040303,0.000034
0.041650,0.000032
0.041795,0.000033
0.043949,0.000033
0.040756,0.000037
0.031208,0.000033
0.042543,0.000033
0.030373,0.000032
0.027884,0.000030
0.042967,0.000033
0.031056,0.000032
0.027526,0.000029
0.026152,0.000028
0.025200,0.000027
0.029674,0.000029
0.030205,0.000032
0.026108,0.000030
0.023140,0.000028
0.032703,0.000030
0.036870,0.000035
