0.091453,0.149975
0.092321,0.150370
0.090446,0.150837
0.085697,0.150185
0.087844,0.150985
0.062768,0.150714
0.083667,0.150480
0.087872,0.150623
0.091475,0.150837
0.057273,0.151153
0.057714,0.150530
0.057660,0.150599
0.068456,0.151196
0.059685,0.150778
0.085547,0.150511
0.080201,0.150250
0.068133,0.150394
0.057606,0.150599
0.079686,0.150133
0.084670,0.150495
0.059648,0.150060
0.073765,0.150918
0.082984,0.150442
0.089247,0.150547
0.090093,0.150407
0.089630,0.150852
0.057244,0.150592
0.069092,0.150626
0.063802,0.151252
0.083714,0.150512
0.088187,0.150880
0.065443,0.150554
