0.028039,0.004695
0.035422,0.004703
0.031893,0.004700
0.028434,0.004702
0.027862,0.004695
0.028013,0.004696
0.041340,0.004700
0.038353,0.004697
0.032897,0.004697
0.029892,0.004693
0.027985,0.004701
0.046859,0.004701
0.033172,0.004702
0.030865,0.004698
0.039529,0.004705
0.033545,0.004700
0.030006,0.004699
0.028306,0.004693
0.027850,0.004696
0.027794,0.004694
0.028237,0.004695
0.032829,0.004707
0.028924,0.004705
0.028276,0.004697
0.027948,0.004696
0.027671,0.004701
0.032211,0.004702
0.046290,0.004706
0.036079,0.004703
0.030727,0.004701
0.049107,0.004704
0.033443,0.004702
