0.023077,0.000134
0.023431,0.000135
0.042098,0.000139
0.028592,0.000138
0.025416,0.000135
0.036215,0.000139
0.031833,0.000137
0.027100,0.000137
0.040328,0.000139
0.029859,0.000173
0.041689,0.000141
0.042929,0.000140
0.030597,0.000137
0.027488,0.000136
0.025576,0.000134
0.023803,0.000135
0.023385,0.000136
0.023598,0.000135
0.035201,0.000138
0.027596,0.000137
0.036133,0.000139
0.038475,0.000139
0.037704,0.000150
0.029037,0.000137
0.028070,0.000136
0.032341,0.000137
0.037545,0.000140
0.029995,0.000138
0.037619,0.000139
0.028565,0.000136
0.026062,0.000135
0.024419,0.000135
