0.023906,0.000661
0.024072,0.000660
0.024121,0.000657
0.023961,0.000659
0.024744,0.000669
0.024199,0.000658
0.024129,0.000660
0.024275,0.000662
0.024415,0.000659
0.028543,0.000663
0.024052,0.000662
0.028449,0.000658
0.023630,0.000659
0.022391,0.000661
0.027076,0.000657
0.034396,0.000661
0.042131,0.000658
0.026645,0.000662
0.024549,0.000662
0.024080,0.000661
0.027009,0.000660
0.043259,0.000666
0.035707,0.000666
0.031021,0.000661
0.027395,0.000661
0.036021,0.000664
0.029639,0.000661
0.025766,0.000662
0.024001,0.000659
0.041478,0.000665
0.029731,0.000662
0.027320,0.000662
