0.071334,0.053923
0.064624,0.053941
0.054165,0.053934
0.077947,0.053900
0.078775,0.053901
0.077629,0.053889
0.051508,0.053928
0.062317,0.053907
0.071596,0.053890
0.076548,0.053898
0.075748,0.053909
0.077304,0.053906
0.083024,0.053887
0.078345,0.053876
0.078859,0.053908
0.083763,0.053894
0.080366,0.053896
0.081112,0.053910
0.073989,0.053927
0.079903,0.053914
0.050661,0.053931
0.078214,0.053926
0.070145,0.053936
0.069633,0.053890
0.066397,0.053913
0.079495,0.053917
0.078056,0.053925
0.076291,0.053888
0.080824,0.053903
0.051688,0.053952
0.063367,0.053924
0.079196,0.053895
