0.040678,0.000496
0.030057,0.000494
0.026206,0.000494
0.024854,0.000495
0.026530,0.000492
0.026501,0.000493
0.043511,0.000496
0.043390,0.000498
0.031579,0.000495
0.026690,0.000494
0.025908,0.000494
0.024033,0.000493
0.023946,0.000491
0.024106,0.000495
0.024030,0.000494
0.023955,0.000494
0.036213,0.000497
0.029600,0.000496
0.026706,0.000493
0.024345,0.000493
0.024222,0.000494
0.024208,0.000493
0.039289,0.000497
0.035875,0.000498
0.030685,0.000497
0.030680,0.000496
0.028284,0.000496
0.024015,0.000507
0.042411,0.000498
0.045331,0.000498
0.044772,0.000499
0.031169,0.000495
