0.035539,0.011329
0.033000,0.011327
0.057101,0.011297
0.039804,0.011331
0.054811,0.011298
0.055114,0.011297
0.053202,0.011302
0.058184,0.011307
0.061301,0.011287
0.035499,0.011323
0.032299,0.011319
0.032907,0.011330
0.035264,0.011324
0.032621,0.011318
0.036915,0.011329
0.033376,0.011327
0.032723,0.011331
0.032657,0.011330
0.032598,0.011324
0.032629,0.011326
0.032732,0.011318
0.032373,0.011323
0.032544,0.011339
0.032540,0.011334
0.032988,0.011325
0.037904,0.011321
0.032387,0.011334
0.033087,0.011336
0.032482,0.011330
0.034732,0.011326
0.047399,0.011310
0.036165,0.011372
