0.081531,0.105042
0.058990,0.105091
0.092351,0.105076
0.059305,0.105077
0.082494,0.105057
0.059495,0.105077
0.058951,0.105091
0.078393,0.105058
0.059344,0.105090
0.092859,0.105035
0.083460,0.105062
0.058961,0.105075
0.091475,0.105063
0.094322,0.105057
0.088745,0.105075
0.089958,0.105041
0.088923,0.105063
0.078640,0.105080
0.093156,0.105055
0.063325,0.105083
0.080645,0.105081
0.088933,0.105049
0.059414,0.105062
0.072482,0.105089
0.091129,0.105053
0.059674,0.105075
0.078514,0.105067
0.092184,0.105054
0.095312,0.105039
0.083495,0.105076
0.071662,0.105100
0.091147,0.105029
