0.041589,0.000030
0.042905,0.000031
0.035512,0.000030
0.027065,0.000027
0.025659,0.000026
0.027445,0.000028
0.027046,0.000028
0.023069,0.000026
0.040047,0.000029
0.029885,0.000029
0.042702,0.000031
0.030626,0.000059
0.025766,0.000026
0.025058,0.000026
0.022752,0.000025
0.026697,0.000027
0.022741,0.000025
0.022897,0.000025
0.022808,0.000025
0.022839,0.000026
0.036227,0.000043
0.028417,0.000028
0.025610,0.000027
0.023582,0.000026
0.042654,0.000031
0.028651,0.000028
0.027018,0.000027
0.024503,0.000026
0.023118,0.000025
0.023181,0.000026
0.023018,0.000025
0.023231,0.000025
