0.035836,0.020043
0.036238,0.020041
0.043796,0.020036
0.058388,0.020012
0.041768,0.020043
0.056396,0.020015
0.063527,0.020004
0.039066,0.020051
0.045248,0.020027
0.045519,0.020023
0.037523,0.020044
0.035992,0.020049
0.040900,0.020046
0.035718,0.020045
0.035594,0.020051
0.035879,0.020033
0.046826,0.020018
0.036563,0.020047
0.056828,0.020020
0.060272,0.020011
0.036815,0.020035
0.035686,0.020043
0.051275,0.020025
0.038984,0.020041
0.054671,0.020018
0.046677,0.020021
0.035801,0.020036
0.036211,0.020039
0.035702,0.020026
0.050670,0.020026
0.039299,0.020041
0.035872,0.020040
