0.058469,0.022868
0.061647,0.022850
0.062003,0.022856
0.061763,0.022839
0.042376,0.022874
0.053721,0.022852
0.060174,0.022847
0.042145,0.022881
0.038706,0.022895
0.036739,0.022886
0.049309,0.022865
0.060423,0.022862
0.041691,0.022879
0.038186,0.022885
0.051231,0.022859
0.064279,0.022845
0.068178,0.022825
0.069823,0.022831
0.063290,0.022839
0.047516,0.022868
0.047238,0.022868
0.064160,0.022851
0.039148,0.022889
0.037468,0.022894
0.039091,0.022883
0.039120,0.022877
0.058939,0.022855
0.055243,0.022864
0.037140,0.022881
0.060758,0.022852
0.039607,0.022875
0.043391,0.022878
