0.083589,0.082871
0.086008,0.082882
0.088158,0.082868
0.084861,0.082867
0.056347,0.082928
0.085277,0.082882
0.091214,0.082869
0.090851,0.082869
0.064176,0.082902
0.071700,0.082898
0.056148,0.082922
0.086912,0.082880
0.055718,0.082928
0.076966,0.082908
0.056092,0.082913
0.081390,0.082905
0.070621,0.082886
0.089533,0.082863
0.087722,0.082875
0.073408,0.082885
0.087086,0.082883
0.087319,0.082891
0.056548,0.082911
0.066753,0.082910
0.069288,0.082904
0.080273,0.082896
0.086265,0.082896
0.088888,0.082860
0.056630,0.082918
0.079041,0.082877
0.084333,0.082870
0.085658,0.082867
