0.031817,0.005984
0.037847,0.005981
0.031560,0.005979
0.029013,0.005981
0.028625,0.005982
0.049422,0.005989
0.032973,0.005982
0.030019,0.005977
0.028868,0.005982
0.034270,0.005981
0.038808,0.005986
0.032561,0.005985
0.028779,0.005978
0.028575,0.005981
0.028493,0.005987
0.028980,0.005982
0.028930,0.005987
0.028518,0.005984
0.033214,0.005983
0.036692,0.005982
0.031354,0.005981
0.035864,0.005980
0.032606,0.005989
0.030254,0.005986
0.028798,0.005984
0.028789,0.005986
0.032786,0.005988
0.031010,0.005981
0.051103,0.005985
0.031327,0.005980
0.028544,0.005983
0.028982,0.005988
