0.030569,0.000034
0.043564,0.000042
0.043506,0.000041
0.027967,0.000039
0.035607,0.000038
0.028364,0.000036
0.025422,0.000034
0.023042,0.000032
0.023065,0.000031
0.039384,0.000036
0.029959,0.000034
0.035400,0.000039
0.023033,0.000031
0.022980,0.000034
0.022763,0.000032
0.023024,0.000032
0.022830,0.000033
0.022901,0.000031
0.022913,0.000031
0.022624,0.000033
0.022727,0.000032
0.022600,0.000032
0.022963,0.000032
0.022620,0.000032
0.022930,0.000034
0.022845,0.000032
0.022598,0.000031
0.022629,0.000032
0.022681,0.000034
0.023451,0.000031
0.024721,0.000032
0.026372,0.000034
