0.096440,0.082870
0.063187,0.082913
0.096723,0.082892
0.070480,0.082908
0.090466,0.082898
0.063040,0.082924
0.093470,0.082881
0.067803,0.082919
0.089282,0.082891
0.094837,0.082881
0.100310,0.082866
0.099496,0.082872
0.063085,0.082914
0.088873,0.082884
0.092032,0.082891
0.070045,0.082919
0.096114,0.082876
0.077877,0.082892
0.094261,0.082875
0.063400,0.082915
0.063261,0.082911
0.084823,0.082887
0.064037,0.082899
0.093408,0.082865
0.068307,0.082908
0.096108,0.082888
0.064525,0.082912
0.083009,0.082883
0.093406,0.082881
0.091941,0.082893
0.063164,0.082913
0.088070,0.082899
