0.035263,0.000083
0.038400,0.000083
0.037967,0.000084
0.043868,0.000085
0.030931,0.000082
0.028198,0.000080
0.026432,0.000080
0.023529,0.000080
0.029816,0.000082
0.027020,0.000080
0.025167,0.000078
0.023650,0.000078
0.023353,0.000079
0.023690,0.000079
0.023319,0.000077
0.023095,0.000078
0.023520,0.000079
0.023268,0.000079
0.023765,0.000079
0.023007,0.000078
0.023453,0.000079
0.023259,0.000079
0.038132,0.000084
0.029415,0.000081
0.038125,0.000083
0.037891,0.000082
0.028338,0.000079
0.026991,0.000080
0.023357,0.000079
0.026981,0.000080
0.027275,0.000080
0.023300,0.000080
