0.068664,0.041845
0.060061,0.041863
0.077913,0.041850
0.070211,0.041831
0.054686,0.041893
0.044139,0.041896
0.044431,0.041901
0.067933,0.041839
0.061324,0.041843
0.070820,0.041832
0.066894,0.041858
0.044033,0.041897
0.064867,0.041834
0.044164,0.041889
0.069040,0.041846
0.065088,0.041839
0.073574,0.041810
0.057984,0.041851
0.043679,0.041887
0.044247,0.041891
0.059070,0.041837
0.057588,0.041846
0.050490,0.041883
0.045901,0.041879
0.060421,0.041843
0.069067,0.041844
0.067152,0.041866
0.044328,0.041900
0.056789,0.041844
0.057889,0.041855
0.068049,0.041845
0.075605,0.041814
