0.023033,0.000055
0.022914,0.000055
0.023341,0.000054
0.031469,0.000059
0.028674,0.000057
0.026788,0.000056
0.025540,0.000055
0.023552,0.000056
0.023476,0.000054
0.023149,0.000055
0.022949,0.000055
0.023165,0.000055
0.023317,0.000055
0.023345,0.000055
0.023421,0.000055
0.023047,0.000055
0.023329,0.000055
0.022957,0.000054
0.023041,0.000056
0.022900,0.000055
0.023379,0.000054
0.031778,0.000057
0.026217,0.000055
0.023934,0.000055
0.031945,0.000059
0.026828,0.000056
0.024362,0.000078
0.029628,0.000056
0.025390,0.000073
0.024042,0.000056
0.037198,0.000059
0.041020,0.000059
