0.040706,0.007704
0.042773,0.007700
0.052910,0.007705
0.041180,0.007706
0.051743,0.007701
0.035514,0.007703
0.032196,0.007697
0.047133,0.007704
0.048817,0.007701
0.054624,0.007707
0.038010,0.007699
0.052856,0.007704
0.040800,0.007712
0.041228,0.007695
0.055576,0.007708
0.057854,0.007706
0.037530,0.007703
0.052905,0.007702
0.035844,0.007693
0.031214,0.007698
0.030475,0.007695
0.041615,0.007704
0.048214,0.007698
0.035085,0.007699
0.037937,0.007700
0.038795,0.007696
0.039890,0.007699
0.033856,0.007698
0.030129,0.007698
0.029602,0.007703
0.030632,0.007693
0.050967,0.007710
