0.023635,0.000148
0.023645,0.000147
0.023797,0.000147
0.032272,0.000151
0.032661,0.000150
0.034329,0.000152
0.043528,0.000153
0.029826,0.000150
0.027175,0.000149
0.024610,0.000148
0.023316,0.000147
0.023333,0.000148
0.035604,0.000152
0.028098,0.000151
0.025712,0.000149
0.024497,0.000148
0.023957,0.000148
0.023721,0.000147
0.023871,0.000147
0.036891,0.000152
0.043254,0.000152
0.040044,0.000152
0.035506,0.000151
0.029207,0.000150
0.025619,0.000147
0.025126,0.000148
0.028660,0.000149
0.030535,0.000149
0.025630,0.000147
0.030533,0.000150
0.026601,0.000148
0.042112,0.000151
