0.033547,0.017053
0.043626,0.016935
0.034548,0.016942
0.031279,0.016978
0.054946,0.016992
0.050944,0.017092
0.034080,0.016910
0.036838,0.016958
0.039256,0.016990
0.050800,0.017004
0.054000,0.016952
0.054780,0.016996
0.037944,0.016943
0.054158,0.017097
0.053502,0.016931
0.035138,0.016972
0.047530,0.017045
0.054182,0.016956
0.055034,0.016976
0.051116,0.016963
0.038323,0.017104
0.054167,0.017026
0.042185,0.017074
0.036480,0.017015
0.031517,0.017030
0.031309,0.016972
0.053238,0.016986
0.055711,0.016961
0.035815,0.016953
0.040368,0.016948
0.052810,0.017012
0.055703,0.017057
