0.088600,0.100367
0.072096,0.100393
0.092149,0.100353
0.060798,0.100401
0.060648,0.100378
0.086602,0.100349
0.089072,0.100346
0.091580,0.100358
0.069122,0.100385
0.093906,0.100357
0.088273,0.100365
0.093326,0.100357
0.097723,0.100367
0.064014,0.100392
0.091444,0.100378
0.063067,0.100404
0.088791,0.100356
0.060800,0.100368
0.086588,0.100377
0.072876,0.100381
0.086565,0.100356
0.092019,0.100346
0.091428,0.100369
0.079373,0.100360
0.091297,0.100338
0.060505,0.100402
0.085713,0.100353
0.087114,0.100368
0.089126,0.100351
0.067650,0.100375
0.061170,0.100394
0.061249,0.100403
