0.086368,0.069100
0.071223,0.069158
0.093227,0.069032
0.087102,0.069083
0.065165,0.069115
0.080730,0.069109
0.056163,0.069135
0.072653,0.069099
0.085097,0.069103
0.071257,0.069125
0.079681,0.069141
0.055889,0.069142
0.055177,0.069172
0.087885,0.069094
0.081096,0.069113
0.086502,0.069122
0.084786,0.069145
0.071096,0.069112
0.088700,0.069110
0.089546,0.069073
0.062350,0.069177
0.084555,0.069110
0.055482,0.069171
0.062533,0.069126
0.066414,0.069103
0.055058,0.069179
0.082171,0.069114
0.060653,0.069169
0.058770,0.069153
0.084890,0.069088
0.055316,0.069142
0.081385,0.069105
