0.033551,0.016154
0.033722,0.016148
0.034370,0.016144
0.033803,0.016150
0.033553,0.016150
0.034178,0.016151
0.034118,0.016161
0.045174,0.016136
0.034461,0.016165
0.033927,0.016159
0.051888,0.016117
0.043332,0.016140
0.051605,0.016143
0.044764,0.016135
0.036679,0.016148
0.060547,0.016116
0.055717,0.016130
0.060258,0.016117
0.048847,0.016133
0.056419,0.016139
0.055313,0.016130
0.047646,0.016154
0.057665,0.016135
0.057392,0.016127
0.050703,0.016141
0.040361,0.016157
0.059118,0.016128
0.056416,0.016121
0.059615,0.016117
0.058501,0.016127
0.060114,0.016126
0.057954,0.016117
