0.030824,0.007202
0.036499,0.007196
0.030057,0.007193
0.030161,0.007208
0.030196,0.007205
0.030850,0.007184
0.030282,0.007186
0.030520,0.007202
0.030321,0.007196
0.030031,0.007198
0.030081,0.007194
0.043000,0.007199
0.036127,0.007198
0.046257,0.007200
0.055599,0.007196
0.048983,0.007203
0.054505,0.007193
0.036877,0.007194
0.036234,0.007190
0.034003,0.007202
0.039167,0.007189
0.042780,0.007209
0.047351,0.007204
0.032859,0.007193
0.039442,0.007200
0.032102,0.007205
0.037724,0.007202
0.031803,0.007183
0.043867,0.007196
0.051597,0.007199
0.037991,0.007203
0.033387,0.007188
