0.070763,0.121779
0.053560,0.121934
0.069659,0.121984
0.081040,0.122528
0.084150,0.121885
0.088054,0.122039
0.082353,0.122299
0.083673,0.122546
0.053322,0.122237
0.087566,0.121786
0.053542,0.121966
0.073046,0.122138
0.075894,0.121813
0.053031,0.121980
0.085718,0.121961
0.087126,0.121908
0.064886,0.121872
0.084474,0.121730
0.075025,0.122125
0.083832,0.121812
0.062177,0.122568
0.060400,0.121971
0.083983,0.121958
0.084505,0.121787
0.055056,0.121946
0.077553,0.122014
0.066347,0.121909
0.052895,0.122922
0.082612,0.122110
0.084403,0.121847
0.091743,0.121853
0.053632,0.121734
