0.040867,0.004408
0.028472,0.004395
0.028273,0.004405
0.033730,0.004399
0.032443,0.004396
0.030402,0.004397
0.036527,0.004402
0.031353,0.004399
0.028611,0.004405
0.028271,0.004395
0.027904,0.004398
0.028113,0.004394
0.032077,0.004396
0.029625,0.004388
0.028130,0.004404
0.049322,0.004421
0.036366,0.004400
0.049391,0.004405
0.035017,0.004403
0.032014,0.004402
0.029146,0.004399
0.035309,0.004400
0.043342,0.004406
0.033046,0.004393
0.030358,0.004387
0.028652,0.004393
0.028178,0.004405
0.032497,0.004395
0.029767,0.004397
0.041166,0.004411
0.043851,0.004408
0.039498,0.004406
