0.026006,0.000788
0.024538,0.000788
0.030788,0.000789
0.026690,0.000790
0.024517,0.000790
0.024094,0.000786
0.024550,0.000788
0.024562,0.000788
0.024430,0.000789
0.035489,0.000792
0.040410,0.000790
0.042704,0.000789
0.037227,0.000791
0.028891,0.000787
0.026524,0.000788
0.024815,0.000788
0.024364,0.000786
0.024609,0.000789
0.024452,0.000788
0.024158,0.000790
0.037563,0.000788
0.029828,0.000789
0.027493,0.000790
0.024456,0.000787
0.029404,0.000787
0.025585,0.000789
0.037216,0.000791
0.031316,0.000789
0.040061,0.000792
0.030687,0.000790
0.029457,0.000788
0.026400,0.000787
