0.022928,0.000041
0.023152,0.000041
0.022885,0.000041
0.023230,0.000041
0.023032,0.000040
0.027714,0.000043
0.024602,0.000042
0.023748,0.000041
0.023136,0.000041
0.023109,0.000041
0.027753,0.000041
0.023188,0.000041
0.023316,0.000042
0.038224,0.000045
0.040501,0.000046
0.029982,0.000042
0.026510,0.000042
0.024795,0.000041
0.023610,0.000042
0.023172,0.000040
0.023262,0.000041
0.022903,0.000042
0.034115,0.000046
0.028090,0.000043
0.025894,0.000042
0.023840,0.000040
0.026802,0.000043
0.026793,0.000042
0.023066,0.000041
0.022846,0.000041
0.023413,0.000041
0.022864,0.000042
