0.072902,0.044074
0.077898,0.044091
0.062944,0.044110
0.067656,0.044077
0.056004,0.044076
0.062875,0.044073
0.047336,0.044093
0.055557,0.044066
0.053002,0.044094
0.070668,0.044088
0.076486,0.044066
0.047127,0.044105
0.066404,0.044093
0.059855,0.044080
0.075233,0.044072
0.070975,0.044069
0.063082,0.044088
0.054719,0.044113
0.074382,0.044089
0.048136,0.044081
0.072179,0.044063
0.047817,0.044087
0.046869,0.044102
0.051846,0.044067
0.071141,0.044098
0.049886,0.044148
0.070915,0.044084
0.060467,0.044089
0.077443,0.044083
0.077353,0.044089
0.075216,0.044084
0.047299,0.044126
