0.023967,0.000033
0.023445,0.000033
0.030328,0.000033
0.026287,0.000034
0.026620,0.000034
0.039821,0.000038
0.043187,0.000038
0.029944,0.000036
0.042764,0.000038
0.029738,0.000035
0.025893,0.000034
0.024551,0.000033
0.026301,0.000033
0.023219,0.000033
0.023278,0.000032
0.040273,0.000039
0.029831,0.000035
0.027930,0.000034
0.038696,0.000039
0.029943,0.000036
0.041983,0.000038
0.044673,0.000039
0.027515,0.000035
0.028233,0.000034
0.025008,0.000045
0.023606,0.000033
0.023193,0.000033
0.034261,0.000037
0.029784,0.000035
0.026332,0.000033
0.024489,0.000033
0.023316,0.000034
