0.046234,0.010128
0.035196,0.010151
0.032407,0.010147
0.033247,0.010148
0.045316,0.010133
0.061147,0.010139
0.063710,0.010140
0.058912,0.010137
0.058155,0.010127
0.052904,0.010141
0.041002,0.010140
0.039434,0.010139
0.036265,0.010147
0.053378,0.010127
0.037125,0.010140
0.055646,0.010146
0.037631,0.010138
0.033521,0.010152
0.053527,0.010133
0.049699,0.010138
0.036454,0.010152
0.043434,0.010138
0.055750,0.010141
0.037188,0.010144
0.031664,0.010137
0.031734,0.010148
0.031622,0.010157
0.031480,0.010142
0.047332,0.010134
0.038956,0.010142
0.032058,0.010151
0.031696,0.010152
