0.039893,0.048553
0.050888,0.048687
0.060355,0.048737
0.062608,0.048734
0.039198,0.048551
0.051759,0.048469
0.066263,0.048508
0.044238,0.048463
0.039920,0.048923
0.051961,0.048634
0.064107,0.048610
0.046903,0.048565
0.064193,0.048458
0.065681,0.048705
0.068477,0.048595
0.065954,0.048452
0.064220,0.048658
0.046749,0.048502
0.066126,0.048459
0.060124,0.048641
0.065845,0.048501
0.066658,0.048558
0.063749,0.048565
0.065747,0.048926
0.065732,0.048714
0.064866,0.048528
0.062652,0.048608
0.043629,0.048601
0.060156,0.048778
0.060305,0.048622
0.052706,0.048693
0.039887,0.048648
