0.031912,0.004867
0.032710,0.004865
0.049855,0.004876
0.048023,0.004877
0.050556,0.004876
0.033757,0.004870
0.030427,0.004865
0.029032,0.004873
0.028547,0.004865
0.036163,0.004870
0.040796,0.004876
0.033130,0.004868
0.043373,0.004879
0.037263,0.004867
0.033299,0.004869
0.032337,0.004871
0.028978,0.004861
0.028774,0.004864
0.028724,0.004865
0.038194,0.004884
0.033913,0.004862
0.030046,0.004859
0.028999,0.004868
0.037574,0.004876
0.050485,0.004884
0.051965,0.004873
0.050055,0.004876
0.043139,0.004877
0.048505,0.004881
0.036895,0.004874
0.038897,0.004872
0.033880,0.004868
