0.028673,0.000465
0.026441,0.000457
0.024441,0.000458
0.024315,0.000459
0.023902,0.000458
0.042739,0.000465
0.046042,0.000465
0.034491,0.000462
0.031493,0.000463
0.029586,0.000459
0.026579,0.000461
0.024908,0.000457
0.024253,0.000457
0.024081,0.000459
0.028069,0.000459
0.030443,0.000461
0.043603,0.000464
0.028502,0.000459
0.025500,0.000459
0.024250,0.000458
0.036786,0.000464
0.036269,0.000462
0.029817,0.000460
0.026960,0.000464
0.025094,0.000456
0.024225,0.000458
0.024102,0.000454
0.023951,0.000458
0.024444,0.000455
0.024628,0.000459
0.024194,0.000457
0.024238,0.000458
