0.032273,0.004162
0.031160,0.004163
0.029463,0.004161
0.031517,0.004147
0.044274,0.004157
0.042830,0.004171
0.050264,0.004134
0.036801,0.004159
0.032774,0.004152
0.029018,0.004157
0.025987,0.004156
0.025733,0.004167
0.025778,0.004157
0.025957,0.004136
0.035814,0.004152
0.030950,0.004172
0.028154,0.004179
0.026127,0.004159
0.026324,0.004146
0.026000,0.004163
0.026231,0.004154
0.026074,0.004148
0.026135,0.004178
0.025785,0.004130
0.025918,0.004152
0.029392,0.004159
0.038924,0.004172
0.033019,0.004172
0.030028,0.004167
0.041652,0.004163
0.033520,0.004172
0.030923,0.004144
