0.057120,0.061024
0.037195,0.061003
0.038840,0.061007
0.051492,0.060984
0.037551,0.061022
0.037024,0.061014
0.049237,0.060994
0.062860,0.060985
0.062968,0.060950
0.037430,0.061045
0.054187,0.060997
0.038195,0.061046
0.060774,0.060994
0.055391,0.060988
0.044529,0.061024
0.052732,0.060992
0.056020,0.061019
0.062080,0.060968
0.060854,0.060994
0.039252,0.061027
0.050617,0.060998
0.059358,0.060997
0.062170,0.060978
0.054799,0.060989
0.053695,0.060995
0.062548,0.060977
0.057842,0.060998
0.062140,0.060978
0.062166,0.060986
0.044058,0.060978
0.058984,0.061035
0.060804,0.061006
