0.057511,0.130506
0.073574,0.130378
0.077211,0.130423
0.078259,0.130401
0.074042,0.130457
0.051286,0.130363
0.062222,0.130368
0.071862,0.130413
0.073665,0.130519
0.064207,0.130412
0.047803,0.130347
0.047789,0.130512
0.049246,0.130460
0.052203,0.130396
0.060963,0.130301
0.075895,0.130385
0.054344,0.130424
0.047637,0.130506
0.054505,0.130431
0.048764,0.130567
0.074267,0.130426
0.048029,0.130379
0.071578,0.130517
0.076814,0.130585
0.047943,0.130398
0.077227,0.130454
0.068529,0.130319
0.077500,0.130136
0.047734,0.130501
0.067189,0.130351
0.068491,0.130544
0.074819,0.130220
