0.056172,0.031500
0.033828,0.031822
0.041183,0.031736
0.033876,0.031547
0.033528,0.031621
0.034444,0.031744
0.044836,0.031688
0.035657,0.031805
0.033435,0.031924
0.036980,0.031737
0.033910,0.031830
0.034036,0.031725
0.034514,0.031730
0.033694,0.031890
0.033653,0.031751
0.033621,0.031793
0.046596,0.031741
0.055454,0.031765
0.056745,0.031910
0.060237,0.031540
0.059339,0.031724
0.054945,0.031745
0.036933,0.031779
0.037626,0.031751
0.033667,0.031957
0.045155,0.031688
0.036452,0.031729
0.033538,0.031887
0.034180,0.031588
0.033568,0.031931
0.045416,0.031723
0.051578,0.031577
