0.028613,0.004132
0.043182,0.004114
0.033428,0.004134
0.041507,0.004125
0.044868,0.004147
0.046230,0.004125
0.043477,0.004127
0.033477,0.004123
0.029583,0.004126
0.028235,0.004124
0.025525,0.004142
0.045194,0.004136
0.047042,0.004130
0.027496,0.004115
0.025851,0.004124
0.026475,0.004120
0.025557,0.004130
0.031458,0.004147
0.028469,0.004143
0.026269,0.004129
0.025460,0.004123
0.025630,0.004128
0.042541,0.004134
0.033221,0.004147
0.038035,0.004136
0.032170,0.004130
0.046636,0.004137
0.033455,0.004134
0.030930,0.004125
0.027827,0.004128
0.025878,0.004150
0.025679,0.004151
