0.024491,0.000918
0.025274,0.000928
0.023926,0.000925
0.024013,0.000917
0.024227,0.000918
0.024250,0.000918
0.024058,0.000923
0.023982,0.000916
0.037799,0.000927
0.032721,0.000926
0.041262,0.000927
0.043822,0.000926
0.030158,0.000924
0.027494,0.000925
0.024667,0.000920
0.024129,0.000920
0.023825,0.000917
0.040047,0.000931
0.030986,0.000923
0.026896,0.000931
0.024714,0.000921
0.024069,0.000926
0.024326,0.000922
0.024188,0.000929
0.024337,0.000925
0.024391,0.000927
0.030964,0.000928
0.038653,0.000931
0.029812,0.000919
0.036626,0.000929
0.025494,0.000923
0.024762,0.000924
