0.033940,0.009835
0.047720,0.009864
0.029077,0.009877
0.039723,0.009878
0.049937,0.009860
0.033227,0.009835
0.044253,0.009837
0.034656,0.009875
0.049124,0.009873
0.032036,0.009862
0.041268,0.009864
0.048792,0.009905
0.034671,0.009903
0.031155,0.009858
0.044500,0.009857
0.035041,0.009892
0.046109,0.009850
0.050310,0.009866
0.035779,0.009865
0.042643,0.009871
0.033902,0.009880
0.049287,0.009874
0.041121,0.009875
0.033375,0.009857
0.031375,0.009888
0.034376,0.009887
0.040422,0.009875
0.033809,0.009861
0.030073,0.009863
0.028945,0.009864
0.038532,0.009850
0.048007,0.009872
