0.093879,0.299647
0.098894,0.299442
0.099573,0.299358
0.102095,0.299338
0.101392,0.299506
0.065815,0.299297
0.097820,0.299469
0.098772,0.299313
0.083408,0.299407
0.100750,0.299707
0.095151,0.299274
0.073477,0.299228
0.091177,0.299313
0.065574,0.299705
0.102653,0.299450
0.085855,0.299381
0.082720,0.299504
0.073273,0.299653
0.065875,0.299664
0.100012,0.299253
0.088219,0.299378
0.101430,0.299619
0.077243,0.299294
0.099177,0.299454
0.083594,0.299480
0.095589,0.299315
0.097555,0.299191
0.097471,0.299198
0.099271,0.299428
0.082299,0.299221
0.065276,0.299728
0.100224,0.299316
