0.024677,0.000281
0.023581,0.000279
0.035683,0.000282
0.029633,0.000282
0.026875,0.000281
0.026007,0.000280
0.038218,0.000288
0.038933,0.000286
0.031771,0.000282
0.028545,0.000283
0.025277,0.000278
0.023328,0.000281
0.031488,0.000279
0.035952,0.000283
0.027622,0.000278
0.026248,0.000282
0.035956,0.000283
0.031022,0.000279
0.026934,0.000283
0.025301,0.000280
0.023334,0.000280
0.027580,0.000281
0.023455,0.000280
0.023385,0.000279
0.023496,0.000279
0.023403,0.000278
0.023601,0.000278
0.027697,0.000282
0.023682,0.000280
0.023349,0.000278
0.023120,0.000280
0.023231,0.000279
