0.028447,0.014526
0.028434,0.014529
0.028507,0.014547
0.036147,0.014515
0.030824,0.014497
0.028915,0.014510
0.033626,0.014508
0.032613,0.014542
0.030829,0.014570
0.039899,0.014509
0.031674,0.014574
0.029044,0.014515
0.050571,0.014530
0.050153,0.014522
0.029784,0.014528
0.043141,0.014545
0.032601,0.014500
0.028834,0.014518
0.028495,0.014533
0.029326,0.014494
0.036027,0.014507
0.029726,0.014546
0.028806,0.014524
0.028832,0.014516
0.029337,0.014524
0.029369,0.014524
0.029245,0.014539
0.028710,0.014500
0.029164,0.014519
0.029262,0.014576
0.049996,0.014526
0.035370,0.014514
