0.032401,0.025478
0.032716,0.025481
0.032160,0.025466
0.040547,0.025469
0.054869,0.025440
0.055286,0.025456
0.048967,0.025477
0.041933,0.025437
0.046702,0.025452
0.056824,0.025447
0.049523,0.025441
0.036964,0.025482
0.032697,0.025447
0.032916,0.025463
0.039122,0.025454
0.032876,0.025454
0.032438,0.025477
0.045200,0.025434
0.054343,0.025439
0.036609,0.025476
0.044081,0.025461
0.034758,0.025462
0.045682,0.025453
0.058401,0.025439
0.056057,0.025447
0.039365,0.025480
0.049173,0.025433
0.056614,0.025440
0.044225,0.025472
0.050377,0.025443
0.056726,0.025442
0.058610,0.025449
