0.098654,0.216957
0.061704,0.216971
0.093326,0.217051
0.092780,0.216904
0.092977,0.217011
0.090426,0.216899
0.060073,0.216976
0.086105,0.216950
0.060184,0.217029
0.084654,0.217012
0.060006,0.216925
0.070896,0.217016
0.091358,0.216992
0.092013,0.216966
0.089066,0.216999
0.093407,0.217003
0.059837,0.216951
0.091646,0.216911
0.059925,0.216982
0.094369,0.216938
0.059952,0.216995
0.093718,0.216923
0.097813,0.216815
0.095203,0.217007
0.090338,0.217002
0.060662,0.217061
0.094779,0.216991
0.060109,0.217005
0.070578,0.216994
0.091456,0.216973
0.095081,0.217020
0.075719,0.217019
