0.042762,0.102546
0.042725,0.102251
0.055236,0.102626
0.063240,0.102351
0.071495,0.102246
0.053941,0.102285
0.071651,0.102274
0.069991,0.102605
0.068696,0.102463
0.043239,0.102549
0.055538,0.102623
0.045009,0.102499
0.070771,0.102680
0.067905,0.102408
0.048098,0.102580
0.071115,0.102572
0.059623,0.102344
0.052391,0.102388
0.070132,0.102742
0.068275,0.102215
0.045919,0.102401
0.070927,0.102340
0.043189,0.102258
0.042869,0.102479
0.063541,0.102478
0.067853,0.102317
0.057474,0.102199
0.042628,0.102765
0.048926,0.102540
0.070180,0.102247
0.055477,0.102420
0.068981,0.102659
