0.066443,0.122272
0.070655,0.122318
0.068382,0.122225
0.073872,0.122200
0.073436,0.122119
0.072988,0.122241
0.080629,0.122149
0.073794,0.122248
0.075270,0.122460
0.061742,0.122420
0.074466,0.122290
0.045252,0.122251
0.064444,0.122543
0.045351,0.122433
0.082315,0.122177
0.045053,0.121966
0.046570,0.122577
0.065792,0.122113
0.071124,0.122022
0.054214,0.122400
0.075647,0.122202
0.073395,0.122309
0.053988,0.122451
0.072412,0.122279
0.078849,0.122314
0.045230,0.122097
0.067400,0.122216
0.075207,0.122418
0.071975,0.122116
0.073201,0.122475
0.045665,0.122436
0.066498,0.122131
