0.032968,0.014067
0.029509,0.014060
0.035942,0.014084
0.050818,0.014041
0.035145,0.014104
0.052349,0.014088
0.037795,0.014097
0.032666,0.014070
0.040195,0.014061
0.038578,0.014054
0.039958,0.014019
0.029841,0.014082
0.031895,0.014033
0.038361,0.014036
0.032590,0.014044
0.037779,0.014081
0.033453,0.014053
0.030686,0.014056
0.046244,0.014051
0.036489,0.014041
0.051772,0.014036
0.034662,0.014063
0.052424,0.014049
0.052008,0.014063
0.047768,0.014026
0.034860,0.014070
0.031116,0.014027
0.049296,0.014047
0.032132,0.014038
0.049421,0.014092
0.050317,0.014069
0.052458,0.014047
