0.057318,0.181941
0.083387,0.181869
0.072727,0.182008
0.078395,0.181955
0.057165,0.182207
0.088261,0.182171
0.062828,0.182088
0.079018,0.181805
0.069786,0.182260
0.056751,0.181631
0.083947,0.182277
0.092247,0.182297
0.085615,0.182187
0.083475,0.181800
0.088905,0.182116
0.084924,0.181896
0.066674,0.181887
0.088402,0.182028
0.086864,0.181762
0.084261,0.182067
0.058468,0.181855
0.088579,0.181890
0.060084,0.182003
0.057817,0.182312
0.083816,0.181956
0.090483,0.181811
0.089511,0.182289
0.087247,0.182134
0.092475,0.182229
0.087287,0.182278
0.092067,0.182095
0.072043,0.181750
