0.031774,0.002796
0.027509,0.002821
0.030654,0.002793
0.038146,0.002792
0.029993,0.002805
0.028017,0.002791
0.026374,0.002810
0.025201,0.002795
0.025045,0.002802
0.025533,0.002790
0.024849,0.002800
0.025159,0.002800
0.030121,0.002803
0.027960,0.002808
0.025243,0.002809
0.024990,0.002814
0.033990,0.002814
0.034194,0.002785
0.028636,0.002812
0.025009,0.002817
0.025256,0.002799
0.024845,0.002809
0.043486,0.002792
0.033261,0.002816
0.037826,0.002795
0.045023,0.002800
0.030069,0.002813
0.039722,0.002811
0.044157,0.002802
0.049623,0.002793
0.030415,0.002803
0.043119,0.002805
