0.059617,0.066861
0.065348,0.066951
0.063304,0.066978
0.061076,0.066889
0.038978,0.067005
0.038836,0.066936
0.045379,0.066985
0.058726,0.066925
0.063306,0.066955
0.060882,0.066841
0.058252,0.066827
0.065025,0.066944
0.067850,0.066787
0.066771,0.066905
0.072261,0.066916
0.068825,0.066925
0.070458,0.066877
0.067050,0.066889
0.067882,0.066999
0.065382,0.066933
0.040615,0.066996
0.051320,0.066964
0.062115,0.066794
0.064939,0.066978
0.039354,0.067060
0.062571,0.066859
0.060072,0.067023
0.039100,0.066958
0.064350,0.066929
0.063942,0.066903
0.062648,0.066972
0.043383,0.066946
