0.046094,0.029888
0.057642,0.029876
0.057001,0.029879
0.055498,0.029878
0.051899,0.029873
0.058353,0.029878
0.055150,0.029886
0.033043,0.029908
0.033525,0.029915
0.056725,0.029882
0.057251,0.029864
0.037986,0.029896
0.057818,0.029875
0.044643,0.029888
0.049565,0.029886
0.055019,0.029879
0.054502,0.029890
0.053461,0.029894
0.055508,0.029877
0.057200,0.029879
0.064165,0.029873
0.054797,0.029881
0.039945,0.029904
0.052558,0.029892
0.057743,0.029883
0.043530,0.029874
0.048197,0.029892
0.058216,0.029879
0.053550,0.029879
0.051612,0.029878
0.059797,0.029880
0.058146,0.029884
