0.060712,0.048757
0.038165,0.048821
0.055595,0.048818
0.056763,0.048726
0.048620,0.048733
0.059277,0.048759
0.057548,0.048784
0.060858,0.048728
0.063363,0.048759
0.060195,0.048761
0.036084,0.048807
0.050656,0.048790
0.060638,0.048797
0.050111,0.048790
0.062167,0.048752
0.046150,0.048789
0.062175,0.048783
0.058283,0.048747
0.036945,0.048780
0.058199,0.048766
0.057596,0.048731
0.045390,0.048850
0.056936,0.048790
0.046749,0.048742
0.061694,0.048767
0.066613,0.048800
0.038249,0.048774
0.042704,0.048805
0.053889,0.048746
0.038848,0.048801
0.039470,0.048733
0.055845,0.048736
