0.081370,0.133845
0.047204,0.133862
0.071983,0.132995
0.046878,0.133735
0.046353,0.134085
0.046144,0.133670
0.046143,0.133200
0.072058,0.133789
0.046562,0.133718
0.068592,0.133693
0.073139,0.133855
0.070008,0.134163
0.078411,0.133947
0.072997,0.133913
0.055544,0.133668
0.071971,0.133418
0.046757,0.133855
0.053416,0.133966
0.071142,0.134003
0.046893,0.133877
0.063694,0.133536
0.075478,0.133632
0.074599,0.133786
0.076979,0.133865
0.073256,0.134079
0.076880,0.133776
0.075467,0.133720
0.062940,0.133757
0.062346,0.133675
0.072276,0.133687
0.082232,0.133705
0.074874,0.133947
