0.095885,0.218738
0.061293,0.218510
0.093477,0.218545
0.097274,0.218756
0.097323,0.218784
0.097115,0.218923
0.061611,0.219028
0.091213,0.218556
0.062838,0.218783
0.082316,0.218806
0.068266,0.218750
0.090241,0.218770
0.097226,0.218712
0.093577,0.218682
0.061735,0.218826
0.079569,0.218797
0.092856,0.218764
0.061469,0.218711
0.097910,0.218599
0.072789,0.218471
0.094425,0.218775
0.090435,0.218565
0.089298,0.218829
0.095937,0.218750
0.092401,0.218525
0.061330,0.218658
0.088600,0.218511
0.096776,0.218875
0.071931,0.218840
0.090562,0.218721
0.094300,0.218606
0.095547,0.218789
