0.082532,0.137612
0.051160,0.137660
0.070639,0.137634
0.060465,0.137686
0.081750,0.137623
0.073588,0.137645
0.062599,0.137656
0.062684,0.137648
0.080814,0.137632
0.076769,0.137640
0.080564,0.137639
0.081611,0.137635
0.051000,0.137650
0.078920,0.137638
0.051076,0.137676
0.059703,0.137646
0.072599,0.137648
0.051057,0.137680
0.072443,0.137640
0.051024,0.137676
0.068731,0.137641
0.074931,0.137636
0.082118,0.137608
0.067848,0.137648
0.051068,0.137651
0.071862,0.137607
0.068896,0.137634
0.077734,0.137644
0.059242,0.137674
0.072873,0.137632
0.072002,0.137617
0.083236,0.137586
