0.045801,0.037155
0.036234,0.037139
0.039024,0.037004
0.050286,0.036861
0.054132,0.037153
0.054809,0.036498
0.035697,0.037094
0.051344,0.036733
0.038819,0.036978
0.047602,0.036878
0.057556,0.036757
0.059698,0.036973
0.058435,0.036475
0.043840,0.037039
0.043520,0.036933
0.054553,0.036851
0.035740,0.036948
0.044373,0.036858
0.057013,0.037069
0.055086,0.037146
0.059475,0.036839
0.059253,0.037086
0.057498,0.037220
0.039504,0.036859
0.035119,0.036823
0.053530,0.036746
0.060108,0.036971
0.034727,0.036526
0.042432,0.036751
0.034826,0.036792
0.034700,0.036884
0.034832,0.036770
