0.042096,0.067223
0.067413,0.067332
0.063208,0.067442
0.042089,0.067232
0.063349,0.067176
0.056368,0.067753
0.041513,0.067833
0.062615,0.067378
0.051108,0.067397
0.068474,0.067773
0.061899,0.067597
0.071359,0.067301
0.069079,0.067288
0.064407,0.067608
0.065355,0.067412
0.066185,0.067606
0.066192,0.067601
0.066492,0.068027
0.041770,0.067134
0.069496,0.067623
0.067301,0.067164
0.042796,0.067546
0.060898,0.067481
0.058176,0.067195
0.047872,0.067095
0.063415,0.067508
0.057437,0.067514
0.073114,0.067184
0.043941,0.067219
0.050361,0.067529
0.069054,0.067589
0.064426,0.067600
