0.023222,0.000099
0.022941,0.000101
0.023184,0.000100
0.023597,0.000099
0.025934,0.000099
0.022974,0.000099
0.023055,0.000100
0.023689,0.000098
0.023265,0.000100
0.023404,0.000097
0.023089,0.000101
0.023370,0.000101
0.023611,0.000099
0.022933,0.000100
0.028456,0.000100
0.024881,0.000099
0.023379,0.000100
0.025537,0.000100
0.034191,0.000102
0.029099,0.000102
0.042714,0.000103
0.030925,0.000102
0.027840,0.000101
0.024567,0.000099
0.023848,0.000100
0.023434,0.000098
0.023395,0.000099
0.034219,0.000102
0.028316,0.000100
0.041819,0.000103
0.040601,0.000106
0.030555,0.000103
