0.031444,0.013937
0.044015,0.014006
0.051665,0.014199
0.051431,0.013967
0.036322,0.014087
0.042029,0.013956
0.032962,0.014067
0.035761,0.014090
0.031687,0.014194
0.029146,0.014009
0.032238,0.013978
0.029068,0.014106
0.029345,0.014018
0.045374,0.014113
0.049599,0.014031
0.050517,0.013934
0.050312,0.014043
0.037272,0.013966
0.041741,0.013968
0.032476,0.014054
0.029604,0.013946
0.045531,0.013901
0.031234,0.014078
0.034327,0.013958
0.029831,0.014188
0.040271,0.013952
0.037516,0.014120
0.033932,0.014144
0.050738,0.013963
0.031467,0.014142
0.029448,0.014098
0.045240,0.014037
