0.034988,0.048550
0.043058,0.048360
0.035492,0.048377
0.035259,0.048405
0.043396,0.048277
0.061122,0.048406
0.043488,0.048053
0.035568,0.047977
0.035495,0.048092
0.035701,0.048167
0.035470,0.048247
0.035449,0.048150
0.049366,0.048024
0.039722,0.048341
0.036347,0.048322
0.039887,0.048243
0.048872,0.048393
0.044624,0.048246
0.056873,0.048372
0.038835,0.048230
0.060174,0.048188
0.035678,0.048423
0.055899,0.048147
0.062153,0.048253
0.063748,0.048289
0.058199,0.048375
0.040984,0.048374
0.052347,0.048355
0.035675,0.048136
0.049478,0.048292
0.058715,0.048087
0.059687,0.048371
