0.024181,0.000028
0.034619,0.000032
0.030112,0.000031
0.037401,0.000032
0.029040,0.000029
0.025841,0.000028
0.024889,0.000028
0.043357,0.000033
0.041836,0.000033
0.032753,0.000031
0.042552,0.000033
0.030412,0.000061
0.035905,0.000032
0.028192,0.000030
0.025056,0.000029
0.023689,0.000028
0.023213,0.000028
0.022741,0.000027
0.023489,0.000028
0.022959,0.000028
0.036240,0.000033
0.026793,0.000030
0.026179,0.000029
0.022927,0.000028
0.023113,0.000027
0.023315,0.000027
0.023145,0.000028
0.022814,0.000027
0.022797,0.000028
0.035472,0.000033
0.029135,0.000029
0.041702,0.000033
