0.023550,0.000182
0.023164,0.000181
0.023444,0.000183
0.023564,0.000182
0.026219,0.000182
0.041654,0.000186
0.042794,0.000188
0.029921,0.000184
0.027322,0.000183
0.023395,0.000180
0.023365,0.000182
0.043183,0.000187
0.038623,0.000187
0.029468,0.000183
0.026788,0.000183
0.033151,0.000186
0.040076,0.000185
0.028996,0.000183
0.027265,0.000182
0.024087,0.000183
0.023502,0.000182
0.023257,0.000182
0.023175,0.000181
0.040309,0.000186
0.030329,0.000184
0.040677,0.000188
0.042327,0.000186
0.029200,0.000183
0.028366,0.000184
0.024666,0.000182
0.023976,0.000182
0.027850,0.000184
