0.059222,0.032450
0.038598,0.032460
0.050786,0.032323
0.058142,0.032162
0.049930,0.032469
0.057625,0.032385
0.057822,0.032101
0.055146,0.032336
0.049167,0.032519
0.059609,0.032323
0.033035,0.032503
0.032571,0.032577
0.039084,0.032691
0.032734,0.032519
0.056171,0.032461
0.047650,0.032272
0.057631,0.032243
0.055943,0.032303
0.055428,0.032400
0.041168,0.032516
0.033776,0.032500
0.041752,0.032381
0.054550,0.032494
0.056434,0.032430
0.033722,0.032483
0.032804,0.032629
0.039857,0.032483
0.034146,0.032712
0.057326,0.032044
0.056676,0.032230
0.053400,0.032109
0.033276,0.032363
