0.072596,0.116184
0.065549,0.116175
0.074458,0.116214
0.045510,0.116326
0.050339,0.116448
0.066719,0.116209
0.071787,0.116313
0.070519,0.116314
0.070798,0.116184
0.074534,0.116276
0.045641,0.116123
0.050915,0.116332
0.046342,0.116272
0.067702,0.116172
0.065565,0.116268
0.078530,0.116266
0.072728,0.116279
0.073889,0.116203
0.074434,0.116210
0.077773,0.116415
0.066420,0.116239
0.069841,0.116222
0.074398,0.116239
0.078431,0.116291
0.076190,0.116241
0.073792,0.116359
0.055452,0.116401
0.057686,0.116236
0.056867,0.116317
0.043566,0.116365
0.061484,0.116293
0.069384,0.116174
