0.051977,0.164033
0.091466,0.164076
0.054991,0.164138
0.051805,0.164180
0.052262,0.164205
0.082078,0.164191
0.084220,0.164046
0.083136,0.164060
0.051885,0.163902
0.081198,0.164037
0.064452,0.164068
0.057718,0.164085
0.088999,0.164141
0.052182,0.164223
0.082142,0.164055
0.081607,0.163976
0.082902,0.164041
0.082225,0.164303
0.082076,0.164095
0.052099,0.164106
0.084373,0.164244
0.051655,0.164189
0.075138,0.164082
0.082989,0.164053
0.079780,0.163984
0.084222,0.164065
0.051737,0.164119
0.082706,0.164011
0.085097,0.164038
0.088069,0.163954
0.072839,0.163979
0.071756,0.164000
