0.029082,0.000462
0.032949,0.000470
0.025792,0.000464
0.023888,0.000482
0.039488,0.000472
0.042614,0.000468
0.037393,0.000473
0.031548,0.000464
0.028489,0.000466
0.043998,0.000472
0.023873,0.000468
0.023492,0.000469
0.023542,0.000464
0.024197,0.000470
0.023974,0.000462
0.028373,0.000471
0.026581,0.000470
0.023945,0.000470
0.043405,0.000466
0.030830,0.000478
0.027952,0.000469
0.026153,0.000471
0.037261,0.000471
0.029339,0.000468
0.027707,0.000471
0.025638,0.000464
0.042222,0.000463
0.033689,0.000466
0.028177,0.000472
0.026586,0.000467
0.024081,0.000471
0.023700,0.000468
