0.078009,0.115813
0.078075,0.115861
0.080005,0.115744
0.081666,0.115943
0.048798,0.115812
0.085143,0.115832
0.048241,0.115778
0.048758,0.115967
0.069843,0.116069
0.048469,0.116082
0.072482,0.115736
0.048293,0.115746
0.067682,0.115759
0.077680,0.115872
0.077749,0.115821
0.076059,0.115745
0.048563,0.115976
0.076358,0.115891
0.074486,0.115790
0.055049,0.115868
0.075491,0.115767
0.074019,0.115855
0.077969,0.115739
0.080383,0.115845
0.048560,0.116011
0.069443,0.115779
0.076257,0.115786
0.055632,0.115998
0.048439,0.115975
0.057765,0.115955
0.070091,0.116016
0.073440,0.115870
