0.041530,0.002957
0.033981,0.002957
0.030060,0.002955
0.033481,0.002947
0.044661,0.002946
0.031607,0.002949
0.028827,0.002952
0.027281,0.002952
0.038232,0.002950
0.036053,0.002948
0.043337,0.002958
0.031798,0.002952
0.029735,0.002957
0.028082,0.002950
0.026983,0.002955
0.026358,0.002952
0.034749,0.002953
0.028331,0.002952
0.034190,0.002950
0.029896,0.002947
0.027972,0.002943
0.025168,0.002956
0.025370,0.002946
0.025213,0.002950
0.036346,0.002951
0.040683,0.002957
0.046734,0.002946
0.048794,0.002950
0.037621,0.002947
0.047947,0.002942
0.046358,0.002942
0.035675,0.002954
