0.028389,0.007485
0.026427,0.007481
0.048175,0.007480
0.029521,0.007471
0.026849,0.007485
0.026878,0.007479
0.026363,0.007480
0.026213,0.007474
0.026238,0.007476
0.026495,0.007484
0.040581,0.007479
0.031317,0.007483
0.032519,0.007484
0.047405,0.007470
0.044497,0.007470
0.047261,0.007474
0.033614,0.007480
0.036423,0.007477
0.033164,0.007477
0.028499,0.007474
0.031524,0.007477
0.027073,0.007482
0.026687,0.007476
0.026682,0.007489
0.026832,0.007480
0.047486,0.007484
0.036143,0.007475
0.030463,0.007477
0.027116,0.007480
0.026329,0.007470
0.047498,0.007474
0.029280,0.007472
