0.023514,0.000405
0.023592,0.000403
0.023559,0.000401
0.023193,0.000404
0.028899,0.000406
0.025726,0.000407
0.023882,0.000404
0.042954,0.000413
0.029933,0.000405
0.027131,0.000406
0.025094,0.000404
0.035380,0.000406
0.028069,0.000403
0.025595,0.000407
0.034574,0.000408
0.032379,0.000409
0.027979,0.000406
0.024244,0.000403
0.032706,0.000406
0.028641,0.000400
0.027258,0.000404
0.024538,0.000400
0.042420,0.000410
0.042558,0.000407
0.029081,0.000407
0.027070,0.000401
0.024034,0.000403
0.023408,0.000406
0.027226,0.000407
0.023514,0.000406
0.023830,0.000407
0.035627,0.000405
