0.094177,0.197725
0.059300,0.193365
0.083712,0.195572
0.067582,0.194629
0.092191,0.196289
0.092065,0.193685
0.094217,0.193569
0.094429,0.195521
0.094469,0.196324
0.089934,0.194012
0.091775,0.194342
0.072515,0.194141
0.088674,0.196522
0.092671,0.194398
0.118552,0.196758
0.059131,0.196494
0.084586,0.194164
0.080710,0.196662
0.096973,0.196763
0.094197,0.194234
0.091575,0.194130
0.078334,0.194098
0.059181,0.193548
0.069862,0.194959
0.095294,0.193863
0.086678,0.194005
0.066994,0.194856
0.094865,0.194832
0.064378,0.196599
0.080285,0.196110
0.088134,0.195571
0.095963,0.195841
