0.081303,0.199604
0.084532,0.199705
0.083910,0.199321
0.082020,0.199210
0.081812,0.199386
0.083430,0.199496
0.081037,0.199531
0.083986,0.199580
0.065122,0.199522
0.073415,0.199699
0.086461,0.198540
0.075884,0.199247
0.083900,0.199726
0.052983,0.199554
0.055260,0.199175
0.084319,0.199518
0.084871,0.199479
0.063878,0.199484
0.079426,0.199521
0.084513,0.199630
0.089385,0.199610
0.083760,0.199722
0.081035,0.199407
0.075860,0.199345
0.056082,0.199593
0.070729,0.199455
0.088313,0.199578
0.053091,0.199344
0.076686,0.199533
0.080947,0.199638
0.052830,0.199360
0.060737,0.199605
