0.047584,0.009256
0.045630,0.009258
0.036428,0.009251
0.031694,0.009247
0.034120,0.009245
0.045487,0.009251
0.034478,0.009251
0.038601,0.009250
0.032457,0.009245
0.031619,0.009256
0.028495,0.009244
0.041925,0.009256
0.035357,0.009253
0.050747,0.009254
0.049401,0.009254
0.052223,0.009265
0.047145,0.009249
0.049807,0.009252
0.050405,0.009256
0.037434,0.009254
0.051118,0.009255
0.051931,0.009251
0.037969,0.009259
0.049113,0.009263
0.035455,0.009247
0.028882,0.009260
0.040214,0.009250
0.048423,0.009254
0.032515,0.009246
0.048869,0.009255
0.037719,0.009261
0.039086,0.009259
