0.060926,0.057391
0.060758,0.057369
0.038055,0.057532
0.051990,0.057332
0.037208,0.057454
0.052019,0.057351
0.057663,0.057336
0.063200,0.057357
0.066016,0.057438
0.043359,0.057431
0.061849,0.057434
0.063477,0.057407
0.063109,0.057346
0.038856,0.057383
0.063151,0.057375
0.060914,0.057389
0.039582,0.057421
0.037198,0.057528
0.040281,0.057455
0.054909,0.057434
0.053658,0.057367
0.063631,0.057326
0.062699,0.057540
0.063876,0.057464
0.065068,0.057274
0.061543,0.057302
0.066034,0.057389
0.067706,0.057431
0.040161,0.057373
0.037854,0.057427
0.055723,0.057329
0.059521,0.057377
