0.053931,0.018464
0.053401,0.018507
0.035497,0.018482
0.051467,0.018488
0.033852,0.018512
0.038485,0.018519
0.032504,0.018497
0.037854,0.018521
0.030841,0.018515
0.042329,0.018545
0.034974,0.018507
0.051658,0.018523
0.050608,0.018551
0.036677,0.018469
0.052446,0.018470
0.052390,0.018510
0.035262,0.018494
0.030004,0.018480
0.033615,0.018466
0.030063,0.018544
0.029910,0.018462
0.031175,0.018500
0.053036,0.018530
0.036580,0.018472
0.031603,0.018495
0.044416,0.018526
0.036618,0.018469
0.037758,0.018523
0.041990,0.018526
0.035266,0.018482
0.036394,0.018475
0.031902,0.018469
