0.045732,0.001815
0.033725,0.001823
0.030785,0.001814
0.029313,0.001815
0.027732,0.001821
0.024760,0.001829
0.024621,0.001819
0.024595,0.001819
0.024415,0.001811
0.024426,0.001819
0.024925,0.001823
0.024614,0.001821
0.025028,0.001821
0.024804,0.001818
0.024831,0.001826
0.025473,0.001827
0.024816,0.001821
0.037034,0.001818
0.041439,0.001819
0.034307,0.001824
0.029161,0.001815
0.029015,0.001821
0.028859,0.001810
0.024696,0.001824
0.024710,0.001820
0.029017,0.001815
0.025202,0.001819
0.024865,0.001819
0.038015,0.001817
0.029432,0.001827
0.036173,0.001815
0.039143,0.001822
