0.034155,0.008762
0.028843,0.008755
0.027354,0.008762
0.027669,0.008754
0.027343,0.008756
0.046574,0.008762
0.041690,0.008765
0.035500,0.008763
0.031434,0.008760
0.032215,0.008752
0.046703,0.008769
0.044253,0.008755
0.033663,0.008764
0.030219,0.008760
0.048224,0.008761
0.048592,0.008760
0.048828,0.008763
0.032646,0.008759
0.028580,0.008756
0.028078,0.008760
0.028116,0.008757
0.027763,0.008752
0.041609,0.008769
0.034996,0.008758
0.037162,0.008762
0.050269,0.008763
0.035637,0.008757
0.031404,0.008767
0.029388,0.008762
0.027542,0.008759
0.049609,0.008765
0.038995,0.008765
