0.023669,0.000206
0.036672,0.000210
0.045014,0.000210
0.040009,0.000211
0.046063,0.000216
0.032995,0.000209
0.045470,0.000213
0.043413,0.000211
0.040783,0.000209
0.029171,0.000207
0.026328,0.000205
0.025146,0.000204
0.029043,0.000207
0.027912,0.000205
0.040248,0.000211
0.044472,0.000212
0.033701,0.000211
0.029883,0.000207
0.027282,0.000206
0.026032,0.000206
0.023680,0.000204
0.023567,0.000203
0.041479,0.000210
0.043451,0.000210
0.028347,0.000206
0.026229,0.000207
0.024591,0.000206
0.040882,0.000209
0.041030,0.000211
0.043557,0.000211
0.027592,0.000206
0.026431,0.000207
