0.042241,0.077399
0.043039,0.077247
0.058313,0.077339
0.040558,0.077393
0.059905,0.077303
0.047175,0.077481
0.040788,0.077425
0.059494,0.077336
0.048999,0.077354
0.065268,0.077403
0.066024,0.077353
0.071680,0.077235
0.069903,0.077398
0.067897,0.077453
0.043622,0.077507
0.064120,0.077426
0.040504,0.077452
0.057672,0.077193
0.046682,0.077385
0.067471,0.077448
0.055575,0.077352
0.051335,0.077336
0.058007,0.077369
0.040523,0.077321
0.055208,0.077341
0.056074,0.077356
0.071581,0.077379
0.055132,0.077339
0.053559,0.077297
0.068295,0.077430
0.050182,0.077328
0.065875,0.077455
