0.028778,0.001675
0.025071,0.001671
0.026398,0.001671
0.024499,0.001686
0.024389,0.001684
0.038074,0.001669
0.030526,0.001668
0.027770,0.001665
0.025640,0.001681
0.024445,0.001675
0.044529,0.001683
0.035415,0.001675
0.038150,0.001670
0.042995,0.001671
0.030900,0.001670
0.027837,0.001666
0.026101,0.001673
0.024133,0.001663
0.034594,0.001673
0.044871,0.001679
0.042868,0.001685
0.032636,0.001675
0.028594,0.001676
0.035334,0.001671
0.028321,0.001678
0.035575,0.001675
0.032192,0.001677
0.024629,0.001678
0.034340,0.001674
0.024454,0.001686
0.024253,0.001675
0.024762,0.001664
