0.052545,0.147849
0.079338,0.148073
0.080060,0.148031
0.061735,0.148107
0.059458,0.147997
0.079924,0.147946
0.079826,0.148031
0.050634,0.148157
0.059568,0.148089
0.049463,0.148137
0.079641,0.148023
0.069760,0.147952
0.059158,0.148080
0.077734,0.148209
0.063325,0.147925
0.080122,0.147954
0.050037,0.148176
0.079051,0.147903
0.072162,0.148162
0.076707,0.148011
0.075873,0.148043
0.049663,0.147902
0.079044,0.147940
0.075403,0.148062
0.075538,0.148013
0.081539,0.148123
0.075539,0.148059
0.074155,0.148147
0.078611,0.147989
0.078627,0.148132
0.050339,0.148063
0.070962,0.147990
