0.059571,0.063649
0.064018,0.063670
0.040004,0.063705
0.050156,0.063680
0.063109,0.063684
0.047199,0.063683
0.059850,0.063650
0.065243,0.063658
0.051636,0.063674
0.037747,0.063750
0.039909,0.063693
0.042581,0.063701
0.037806,0.063703
0.055427,0.063664
0.044114,0.063682
0.050686,0.063641
0.043659,0.063718
0.039998,0.063685
0.037822,0.063709
0.058005,0.063659
0.056641,0.063660
0.037813,0.063727
0.039934,0.063738
0.061776,0.063679
0.057301,0.063692
0.039559,0.063711
0.047190,0.063715
0.037858,0.063703
0.045556,0.063689
0.038082,0.063691
0.063153,0.063660
0.067273,0.063621
