0.088949,0.316711
0.098159,0.316848
0.099953,0.315120
0.089656,0.313935
0.063815,0.316889
0.066058,0.316809
0.088752,0.316681
0.081074,0.316777
0.104833,0.316712
0.075107,0.316543
0.080829,0.316790
0.099292,0.316872
0.064808,0.316751
0.097985,0.316888
0.097414,0.316849
0.096989,0.315979
0.064492,0.316541
0.098067,0.316806
0.094108,0.316547
0.068139,0.316835
0.101252,0.316793
0.104062,0.316884
0.099864,0.316641
0.063810,0.316877
0.086716,0.316822
0.098584,0.316610
0.098266,0.316852
0.094473,0.316648
0.072353,0.316730
0.094644,0.316536
0.088663,0.316856
0.106805,0.316771
