0.040109,0.073648
0.042579,0.073668
0.065742,0.073584
0.065626,0.073604
0.040309,0.073646
0.052714,0.073592
0.066151,0.073555
0.040806,0.073639
0.056279,0.073658
0.065392,0.073602
0.040263,0.073656
0.041691,0.073611
0.061102,0.073580
0.065872,0.073599
0.065053,0.073618
0.040283,0.073623
0.056976,0.073590
0.040616,0.073618
0.063512,0.073612
0.040045,0.073581
0.046767,0.073611
0.041712,0.073635
0.056004,0.073555
0.058830,0.073622
0.040220,0.073632
0.065635,0.073610
0.066218,0.073574
0.040027,0.073632
0.039662,0.073641
0.052459,0.073596
0.067845,0.073585
0.067174,0.073581
