0.052687,0.010639
0.031280,0.010644
0.030937,0.010619
0.031094,0.010633
0.041400,0.010637
0.035385,0.010620
0.032326,0.010635
0.030192,0.010635
0.028686,0.010626
0.029031,0.010643
0.028441,0.010638
0.028238,0.010605
0.034948,0.010628
0.029258,0.010635
0.028257,0.010644
0.028976,0.010624
0.041330,0.010630
0.034542,0.010628
0.050466,0.010634
0.046502,0.010643
0.031765,0.010621
0.028652,0.010610
0.042802,0.010649
0.034429,0.010635
0.028845,0.010617
0.028700,0.010638
0.031513,0.010636
0.034830,0.010632
0.028457,0.010637
0.028138,0.010617
0.028102,0.010644
0.028175,0.010640
