0.089713,0.243957
0.088963,0.243706
0.057864,0.243890
0.087542,0.243913
0.057755,0.243943
0.057848,0.244127
0.087687,0.243933
0.057696,0.243873
0.082507,0.243946
0.094293,0.244074
0.085557,0.243939
0.086281,0.243968
0.088344,0.243882
0.077325,0.243917
0.095996,0.243708
0.098759,0.243919
0.091226,0.244012
0.091315,0.244009
0.073474,0.244012
0.057702,0.244021
0.084937,0.243909
0.086889,0.243907
0.092002,0.243963
0.091373,0.243972
0.071454,0.243892
0.085817,0.244037
0.057894,0.243911
0.057808,0.244092
0.074600,0.243872
0.080374,0.244008
0.057582,0.243909
0.063971,0.243995
