0.027595,0.006187
0.026049,0.006201
0.026406,0.006173
0.026207,0.006163
0.026248,0.006181
0.046836,0.006169
0.049416,0.006165
0.034684,0.006172
0.030264,0.006170
0.028847,0.006157
0.044585,0.006197
0.034734,0.006165
0.041622,0.006173
0.045930,0.006161
0.034781,0.006151
0.048364,0.006173
0.048334,0.006167
0.048608,0.006173
0.048272,0.006174
0.047811,0.006171
0.048420,0.006166
0.036122,0.006153
0.028500,0.006188
0.026330,0.006201
0.034301,0.006178
0.031893,0.006179
0.048594,0.006175
0.034300,0.006186
0.030078,0.006186
0.045030,0.006178
0.034067,0.006163
0.030690,0.006181
