0.022961,0.000049
0.022823,0.000049
0.023011,0.000049
0.036601,0.000053
0.029606,0.000051
0.026362,0.000050
0.027578,0.000048
0.023126,0.000049
0.042259,0.000053
0.029358,0.000050
0.025642,0.000050
0.023389,0.000049
0.023695,0.000048
0.031213,0.000052
0.026580,0.000050
0.025226,0.000048
0.023361,0.000049
0.022878,0.000048
0.023062,0.000048
0.022968,0.000048
0.026882,0.000051
0.022709,0.000049
0.022560,0.000048
0.027360,0.000050
0.023075,0.000049
0.023033,0.000049
0.026736,0.000050
0.022948,0.000049
0.022964,0.000048
0.022878,0.000048
0.023136,0.000047
0.022891,0.000048
