0.076677,0.106466
0.073996,0.106460
0.073233,0.106449
0.077687,0.106550
0.047670,0.106500
0.072817,0.106576
0.076230,0.106471
0.072843,0.106475
0.049777,0.106375
0.075002,0.106395
0.071486,0.106413
0.076157,0.106564
0.047346,0.106410
0.046773,0.106451
0.052379,0.106516
0.047319,0.106501
0.056641,0.106507
0.063344,0.106477
0.054806,0.106474
0.076273,0.106561
0.075018,0.106488
0.073273,0.106360
0.075908,0.106491
0.069807,0.106376
0.073909,0.106573
0.074764,0.106275
0.075618,0.106334
0.077864,0.106382
0.074458,0.106400
0.075743,0.106492
0.073751,0.106464
0.077675,0.106533
