0.028162,0.000035
0.034233,0.000037
0.029248,0.000035
0.026208,0.000034
0.025231,0.000033
0.033845,0.000036
0.037002,0.000038
0.029102,0.000035
0.026226,0.000033
0.025204,0.000034
0.023268,0.000033
0.022862,0.000033
0.022826,0.000033
0.023171,0.000033
0.022822,0.000033
0.032347,0.000036
0.035100,0.000036
0.043245,0.000039
0.029988,0.000037
0.028321,0.000036
0.026535,0.000034
0.027215,0.000034
0.025049,0.000033
0.023869,0.000033
0.038463,0.000040
0.031494,0.000036
0.034649,0.000037
0.031481,0.000035
0.042577,0.000039
0.026525,0.000033
0.024521,0.000034
0.022880,0.000033
