0.024361,0.001046
0.024282,0.001045
0.024202,0.001044
0.035327,0.001051
0.029056,0.001047
0.037300,0.001048
0.043629,0.001050
0.028172,0.001045
0.027495,0.001044
0.024316,0.001045
0.024255,0.001046
0.024328,0.001044
0.027874,0.001047
0.025418,0.001046
0.024127,0.001047
0.024545,0.001045
0.024118,0.001046
0.024530,0.001046
0.024511,0.001043
0.024032,0.001045
0.024496,0.001046
0.024353,0.001046
0.024605,0.001046
0.024219,0.001044
0.024219,0.001045
0.024651,0.001047
0.024339,0.001043
0.023989,0.001043
0.024157,0.001046
0.034245,0.001048
0.030039,0.001045
0.027501,0.001046
