0.037853,0.008400
0.032062,0.008381
0.033070,0.008381
0.029030,0.008375
0.043054,0.008385
0.048345,0.008380
0.047221,0.008366
0.036205,0.008374
0.030758,0.008385
0.048573,0.008381
0.042008,0.008399
0.033649,0.008403
0.029593,0.008368
0.027396,0.008386
0.030009,0.008378
0.027768,0.008352
0.027291,0.008380
0.041714,0.008382
0.032560,0.008387
0.044261,0.008390
0.048065,0.008413
0.034662,0.008380
0.030781,0.008385
0.028803,0.008368
0.048469,0.008387
0.049266,0.008378
0.033861,0.008385
0.030301,0.008377
0.027518,0.008381
0.047135,0.008380
0.049249,0.008361
0.049287,0.008405
