0.076174,0.183194
0.082324,0.183272
0.084275,0.183244
0.084546,0.183201
0.076687,0.183341
0.082867,0.183256
0.088159,0.183388
0.085139,0.183289
0.083207,0.183212
0.065924,0.183135
0.081979,0.183380
0.084792,0.183143
0.063550,0.183336
0.086987,0.183197
0.083081,0.183173
0.087517,0.183118
0.077488,0.183154
0.078108,0.183308
0.054209,0.183263
0.075826,0.183401
0.083033,0.183181
0.083849,0.183235
0.084679,0.183252
0.071957,0.183390
0.081706,0.183402
0.084253,0.183282
0.086155,0.183276
0.071585,0.183161
0.075205,0.183588
0.087811,0.183374
0.075024,0.183155
0.067034,0.183092
