0.056523,0.000030
0.031502,0.000029
0.027639,0.000027
0.035892,0.000029
0.030281,0.000028
0.027221,0.000025
0.023927,0.000025
0.029193,0.000026
0.025877,0.000026
0.023860,0.000024
0.023465,0.000024
0.027410,0.000025
0.024523,0.000025
0.023076,0.000024
0.023367,0.000025
0.022754,0.000025
0.032540,0.000029
0.040341,0.000029
0.027777,0.000026
0.024745,0.000025
0.024289,0.000025
0.023151,0.000025
0.023003,0.000024
0.023010,0.000025
0.023461,0.000025
0.023412,0.000025
0.023565,0.000041
0.023186,0.000025
0.022994,0.000024
0.023391,0.000025
0.022871,0.000025
0.023231,0.000024
