0.026614,0.007992
0.026602,0.008004
0.027086,0.007995
0.026996,0.007985
0.035361,0.007986
0.039541,0.007988
0.027090,0.007983
0.038160,0.007986
0.030111,0.007987
0.032335,0.007992
0.026504,0.007996
0.027816,0.007998
0.040742,0.007988
0.034304,0.007987
0.047082,0.007992
0.034929,0.007989
0.030159,0.007999
0.040901,0.007995
0.042160,0.007985
0.037555,0.007981
0.049489,0.007992
0.035188,0.007996
0.049161,0.007983
0.049125,0.007985
0.030435,0.007988
0.045489,0.007994
0.033180,0.007987
0.043606,0.007983
0.033675,0.007988
0.029611,0.007988
0.029219,0.007994
0.026672,0.007991
