0.062144,0.075459
0.068756,0.075672
0.042495,0.075680
0.057771,0.075696
0.039447,0.075421
0.058060,0.075464
0.063420,0.075524
0.069392,0.075680
0.041941,0.075704
0.063195,0.075576
0.063946,0.075729
0.067583,0.075807
0.066612,0.075648
0.068311,0.075818
0.078211,0.075747
0.048264,0.075582
0.063656,0.075488
0.039314,0.075338
0.045354,0.075468
0.039283,0.075483
0.066134,0.075790
0.066733,0.075669
0.065928,0.075706
0.065310,0.075708
0.063293,0.075427
0.041317,0.075500
0.043442,0.075573
0.066008,0.075550
0.055754,0.075445
0.065989,0.075489
0.040280,0.075591
0.039737,0.075583
