0.047802,0.031311
0.037507,0.031384
0.051847,0.031382
0.055709,0.031388
0.038795,0.031393
0.051311,0.031346
0.058642,0.031342
0.039528,0.031308
0.046451,0.031379
0.034135,0.031352
0.034219,0.031358
0.057632,0.031373
0.044298,0.031378
0.034577,0.031362
0.034409,0.031373
0.050642,0.031326
0.037353,0.031385
0.036988,0.031359
0.045455,0.031338
0.059575,0.031326
0.057738,0.031343
0.040185,0.031360
0.034283,0.031352
0.048843,0.031402
0.055771,0.031395
0.036400,0.031350
0.034323,0.031390
0.040726,0.031364
0.034012,0.031353
0.035181,0.031415
0.042906,0.031398
0.052364,0.031338
