0.093941,0.247118
0.069867,0.247152
0.093289,0.247097
0.092159,0.247059
0.090438,0.247219
0.094105,0.247129
0.090351,0.247096
0.060843,0.247202
0.085987,0.247171
0.060805,0.247185
0.065636,0.247094
0.090447,0.247206
0.060851,0.247127
0.084903,0.247127
0.078332,0.247226
0.060388,0.247157
0.088113,0.247161
0.086804,0.247202
0.065596,0.247098
0.094090,0.247111
0.060617,0.247117
0.060870,0.247160
0.085102,0.247082
0.101763,0.247027
0.060920,0.247173
0.087440,0.247186
0.097081,0.247147
0.101683,0.247105
0.087277,0.247142
0.096955,0.247146
0.071673,0.247138
0.077080,0.247141
