0.071574,0.082626
0.043297,0.082786
0.071093,0.082635
0.063211,0.082685
0.043293,0.082579
0.061165,0.082612
0.049479,0.082697
0.061552,0.082645
0.043082,0.082718
0.061674,0.082674
0.068720,0.082661
0.065230,0.082726
0.057632,0.082647
0.043791,0.082513
0.058967,0.082593
0.043426,0.082656
0.064905,0.082620
0.043322,0.082735
0.059822,0.082607
0.055450,0.082615
0.066327,0.082654
0.058692,0.082544
0.051667,0.082755
0.051227,0.082649
0.053314,0.082486
0.058277,0.082693
0.043324,0.082702
0.069346,0.082666
0.052154,0.082657
0.070894,0.082764
0.071422,0.082542
0.047601,0.082650
