0.083395,0.144682
0.081889,0.144492
0.069300,0.144575
0.052570,0.144405
0.052344,0.144542
0.070437,0.144554
0.080371,0.144664
0.083197,0.144722
0.086306,0.144650
0.085816,0.144576
0.052516,0.144431
0.068724,0.144776
0.067408,0.144785
0.086095,0.144611
0.084149,0.144598
0.082417,0.144733
0.058384,0.144576
0.083601,0.144467
0.083914,0.144572
0.081822,0.144528
0.082635,0.144618
0.081500,0.144818
0.052532,0.144397
0.077489,0.144546
0.080343,0.144770
0.052364,0.144673
0.052272,0.144494
0.073455,0.144664
0.076149,0.144628
0.082622,0.144659
0.075079,0.144632
0.053213,0.144499
