0.047783,0.041202
0.040721,0.041247
0.060435,0.041262
0.052457,0.041279
0.065373,0.041248
0.041813,0.041317
0.053656,0.041304
0.048894,0.041243
0.061281,0.041247
0.060893,0.041258
0.060161,0.041273
0.039090,0.041261
0.053932,0.041305
0.037792,0.041235
0.036961,0.041243
0.039393,0.041308
0.048206,0.041212
0.060447,0.041255
0.039931,0.041297
0.053482,0.041229
0.064981,0.041211
0.059543,0.041192
0.036892,0.041261
0.058186,0.041250
0.052667,0.041280
0.040905,0.041259
0.036280,0.041401
0.039770,0.041319
0.046113,0.041249
0.041134,0.041303
0.056958,0.041279
0.051591,0.041258
