0.023048,0.000064
0.023075,0.000065
0.023490,0.000065
0.021759,0.000065
0.021975,0.000084
0.022474,0.000064
0.024244,0.000064
0.022865,0.000064
0.022647,0.000064
0.021420,0.000064
0.021728,0.000063
0.028323,0.000066
0.024595,0.000065
0.023739,0.000065
0.021643,0.000063
0.021724,0.000064
0.026661,0.000065
0.023378,0.000064
0.025834,0.000068
0.025225,0.000067
0.035080,0.000070
0.028926,0.000069
0.025738,0.000066
0.025153,0.000066
0.023465,0.000065
0.023136,0.000066
0.023452,0.000066
0.023001,0.000066
0.023509,0.000066
0.023288,0.000064
0.027073,0.000067
0.023422,0.000066
