0.085035,0.224821
0.060335,0.224873
0.076495,0.224846
0.086975,0.224808
0.090649,0.224853
0.058859,0.224966
0.059116,0.225020
0.083221,0.224850
0.088451,0.224789
0.090460,0.224918
0.089849,0.224670
0.063660,0.224814
0.089939,0.224864
0.091090,0.224827
0.087900,0.224683
0.058319,0.224794
0.083905,0.224997
0.098265,0.224639
0.088025,0.224996
0.088411,0.224762
0.090292,0.225150
0.067122,0.224924
0.083097,0.224900
0.093122,0.224832
0.058574,0.224943
0.084421,0.225002
0.091632,0.224882
0.092244,0.224518
0.065939,0.224740
0.090124,0.225013
0.058437,0.224802
0.083992,0.224790
