0.080729,0.153216
0.084776,0.153040
0.083523,0.152948
0.066188,0.153090
0.054311,0.153208
0.087613,0.153207
0.081405,0.153072
0.088289,0.153125
0.072225,0.153151
0.082666,0.153175
0.055621,0.153209
0.070673,0.153219
0.080659,0.153036
0.063333,0.153091
0.086166,0.153027
0.077429,0.153132
0.068825,0.153262
0.081007,0.153000
0.089009,0.153313
0.088045,0.152991
0.087703,0.153197
0.083097,0.153134
0.086616,0.153133
0.061751,0.153338
0.054910,0.153176
0.064360,0.153263
0.085692,0.153100
0.082525,0.153039
0.084008,0.153074
0.062561,0.153199
0.086827,0.153023
0.070848,0.153194
