0.050355,0.015838
0.052891,0.015813
0.048000,0.015840
0.042424,0.015844
0.036081,0.015809
0.035815,0.015806
0.054167,0.015826
0.038302,0.015779
0.034281,0.015812
0.029974,0.015786
0.030156,0.015798
0.043653,0.015795
0.036543,0.015767
0.031478,0.015809
0.030383,0.015817
0.054901,0.015804
0.051099,0.015848
0.050268,0.015797
0.055004,0.015814
0.040578,0.015771
0.030723,0.015798
0.049618,0.015782
0.049925,0.015800
0.051176,0.015824
0.039026,0.015769
0.036237,0.015794
0.032766,0.015774
0.030185,0.015778
0.030365,0.015795
0.030353,0.015761
0.032780,0.015785
0.035653,0.015798
