0.096638,0.237462
0.082924,0.237494
0.063648,0.237510
0.083144,0.237508
0.063327,0.237479
0.096398,0.237463
0.068710,0.237482
0.093867,0.237465
0.096223,0.237476
0.091236,0.237493
0.101812,0.237483
0.091448,0.237510
0.103386,0.237436
0.097086,0.237512
0.064021,0.237515
0.074230,0.237497
0.078435,0.237516
0.092282,0.237533
0.098486,0.237436
0.096834,0.237478
0.063134,0.237547
0.098885,0.237464
0.096317,0.237453
0.063071,0.237527
0.070957,0.237509
0.095648,0.237495
0.093470,0.237513
0.072274,0.237473
0.098456,0.237455
0.096605,0.237494
0.099862,0.237514
0.064008,0.237524
