0.024251,0.000759
0.038838,0.000757
0.031801,0.000754
0.045612,0.000761
0.034207,0.000750
0.028580,0.000761
0.038067,0.000755
0.037477,0.000758
0.044972,0.000764
0.034105,0.000759
0.042461,0.000763
0.030921,0.000756
0.027307,0.000753
0.026119,0.000762
0.024374,0.000756
0.024110,0.000748
0.023892,0.000755
0.024229,0.000756
0.023931,0.000753
0.024020,0.000753
0.023855,0.000753
0.024148,0.000748
0.023761,0.000753
0.035784,0.000754
0.030820,0.000755
0.026864,0.000756
0.025819,0.000753
0.029396,0.000762
0.027496,0.000752
0.024720,0.000752
0.028487,0.000753
0.025744,0.000753
