0.100378,0.255030
0.100293,0.258889
0.100162,0.254593
0.092685,0.254443
0.100611,0.254741
0.092189,0.255405
0.086131,0.257142
0.066662,0.254884
0.066338,0.255140
0.091108,0.254512
0.102819,0.254870
0.067082,0.254820
0.091231,0.254470
0.105457,0.254892
0.096875,0.254670
0.102757,0.254888
0.097290,0.256212
0.092720,0.254462
0.067086,0.260019
0.066840,0.254854
0.092170,0.258079
0.094652,0.254682
0.079323,0.254716
0.093295,0.254705
0.068710,0.254453
0.097005,0.259878
0.086336,0.254374
0.103524,0.255959
0.099475,0.258836
0.100942,0.258694
0.102574,0.254977
0.068427,0.255044
