0.070020,0.214058
0.093586,0.214109
0.062871,0.214118
0.083337,0.214117
0.069146,0.214266
0.090532,0.214001
0.095533,0.214117
0.062018,0.214305
0.092443,0.215334
0.093277,0.214126
0.097832,0.214091
0.062750,0.214099
0.089365,0.214350
0.062517,0.214115
0.066462,0.214091
0.095767,0.214336
0.097692,0.214600
0.062246,0.214144
0.086359,0.214223
0.092589,0.213982
0.067229,0.214045
0.102789,0.215965
0.095993,0.214416
0.070147,0.214040
0.092338,0.214121
0.094920,0.216574
0.062555,0.214128
0.076531,0.214168
0.089301,0.214064
0.094679,0.214105
0.095808,0.214140
0.095790,0.214270
