0.041351,0.070490
0.058528,0.070434
0.069372,0.070413
0.068149,0.070407
0.065945,0.070441
0.066484,0.070434
0.063731,0.070441
0.065716,0.070405
0.067776,0.070439
0.064270,0.070433
0.066374,0.070419
0.065759,0.070429
0.071230,0.070416
0.044458,0.070491
0.062590,0.070420
0.056760,0.070458
0.054482,0.070469
0.054445,0.070442
0.066980,0.070421
0.047976,0.070478
0.068312,0.070433
0.058017,0.070443
0.068101,0.070422
0.053659,0.070454
0.042004,0.070473
0.059976,0.070429
0.043982,0.070483
0.061049,0.070423
0.066849,0.070433
0.049181,0.070449
0.063400,0.070432
0.066194,0.070444
