0.048919,0.120956
0.048754,0.120813
0.048736,0.120918
0.055931,0.120949
0.073609,0.120811
0.068989,0.120750
0.075707,0.120824
0.075896,0.120854
0.076160,0.120847
0.064836,0.120743
0.063845,0.120826
0.075781,0.120868
0.078326,0.120907
0.049035,0.120884
0.076343,0.120885
0.077232,0.120824
0.077893,0.120938
0.048929,0.120954
0.077029,0.120843
0.081107,0.120853
0.056191,0.120764
0.069933,0.120835
0.064950,0.120907
0.078371,0.120927
0.058707,0.120873
0.074832,0.120875
0.061349,0.120858
0.048749,0.121032
0.049018,0.120892
0.063227,0.120876
0.067310,0.120716
0.074451,0.120829
