0.051750,0.023780
0.033181,0.023858
0.031369,0.023641
0.035960,0.023964
0.031274,0.023725
0.036929,0.023800
0.032385,0.023825
0.047998,0.023656
0.051698,0.023614
0.054799,0.023406
0.036394,0.023516
0.031583,0.023841
0.031727,0.023941
0.050804,0.023744
0.039310,0.023534
0.033960,0.023994
0.047668,0.023533
0.042119,0.023483
0.034679,0.023810
0.051837,0.023576
0.055697,0.023629
0.035162,0.023883
0.031824,0.023562
0.050480,0.023666
0.053105,0.023560
0.053034,0.023698
0.054305,0.023659
0.054361,0.023648
0.033766,0.023721
0.037395,0.024015
0.031342,0.023643
0.038868,0.023441
