0.042446,0.088850
0.061725,0.088777
0.069777,0.088803
0.044284,0.088927
0.068776,0.088791
0.064598,0.088623
0.070259,0.088766
0.052833,0.088797
0.061282,0.088759
0.070755,0.088738
0.055819,0.088858
0.069996,0.088726
0.073414,0.088737
0.068792,0.088803
0.059972,0.088793
0.049095,0.088733
0.061696,0.088881
0.068355,0.088691
0.072987,0.088934
0.042832,0.088741
0.067204,0.088709
0.054916,0.088869
0.049661,0.088782
0.051554,0.088806
0.068762,0.088692
0.071180,0.088726
0.054065,0.088835
0.070027,0.088792
0.069061,0.088775
0.071549,0.088766
0.068845,0.088679
0.069389,0.088736
