0.060111,0.028359
0.033417,0.028401
0.039026,0.028373
0.031781,0.028344
0.032439,0.028404
0.054495,0.028280
0.051062,0.028417
0.055861,0.028297
0.055664,0.028324
0.053083,0.028345
0.053187,0.028394
0.038030,0.028335
0.048285,0.028338
0.033467,0.028409
0.032615,0.028364
0.047250,0.028341
0.053548,0.028408
0.038784,0.028369
0.033065,0.028301
0.034659,0.028353
0.048071,0.028352
0.032093,0.028390
0.037729,0.028364
0.034408,0.028354
0.032248,0.028375
0.048332,0.028365
0.044827,0.028413
0.043466,0.028388
0.058747,0.028349
0.058188,0.028399
0.056875,0.028334
0.048727,0.028399
