0.049899,0.041264
0.062861,0.041192
0.059673,0.041223
0.041072,0.041332
0.043026,0.041305
0.049976,0.041219
0.058511,0.041217
0.036698,0.041212
0.059839,0.041168
0.039098,0.041289
0.058856,0.041305
0.034036,0.041290
0.049843,0.041233
0.054229,0.041252
0.059061,0.041254
0.055555,0.041284
0.034877,0.041216
0.037384,0.041228
0.043382,0.041273
0.060452,0.041204
0.040373,0.041285
0.035496,0.041206
0.034787,0.041253
0.040724,0.041266
0.034647,0.041277
0.058520,0.041232
0.055102,0.041185
0.035188,0.041192
0.059453,0.041206
0.036301,0.041302
0.037666,0.041214
0.034856,0.041259
