0.046962,0.119347
0.060126,0.119290
0.052963,0.119356
0.071346,0.119300
0.048054,0.119331
0.071105,0.119279
0.057117,0.119303
0.068874,0.119345
0.076291,0.119315
0.068731,0.119289
0.044422,0.119346
0.066012,0.119286
0.045459,0.119346
0.070575,0.119270
0.072815,0.119276
0.060310,0.119318
0.074920,0.119301
0.073323,0.119289
0.068239,0.119321
0.049644,0.119331
0.070014,0.119293
0.068848,0.119318
0.069143,0.119315
0.078181,0.119303
0.050195,0.119333
0.051746,0.119329
0.072370,0.119266
0.059071,0.119335
0.082587,0.119258
0.073321,0.119275
0.071344,0.119243
0.053531,0.119297
