0.066699,0.101621
0.075300,0.101514
0.072734,0.101615
0.069618,0.101469
0.071309,0.101505
0.073800,0.101641
0.047895,0.101561
0.044606,0.101675
0.063641,0.101479
0.064949,0.101556
0.050863,0.101457
0.065524,0.101531
0.077485,0.101518
0.071098,0.101611
0.043755,0.101689
0.066114,0.101591
0.044034,0.101526
0.058478,0.101613
0.072096,0.101478
0.044434,0.101559
0.062727,0.101577
0.069760,0.101606
0.043980,0.101578
0.063726,0.101546
0.071491,0.101556
0.069625,0.101562
0.069608,0.101591
0.070189,0.101485
0.062890,0.101474
0.058663,0.101534
0.073614,0.101553
0.070675,0.101512
