0.025289,0.001137
0.033615,0.001137
0.038562,0.001144
0.030459,0.001140
0.028129,0.001135
0.026058,0.001137
0.024477,0.001135
0.043532,0.001142
0.043836,0.001144
0.043625,0.001140
0.024604,0.001138
0.024223,0.001139
0.024144,0.001136
0.024485,0.001140
0.042757,0.001141
0.031101,0.001137
0.037039,0.001140
0.029289,0.001137
0.026908,0.001142
0.025229,0.001137
0.024047,0.001142
0.024022,0.001142
0.024431,0.001137
0.033755,0.001140
0.028305,0.001140
0.026463,0.001137
0.025955,0.001130
0.024525,0.001144
0.024172,0.001139
0.043391,0.001141
0.047228,0.001148
0.032533,0.001139
