0.023010,0.000037
0.022908,0.000036
0.023386,0.000036
0.023106,0.000036
0.023068,0.000037
0.023280,0.000036
0.022917,0.000037
0.022876,0.000036
0.034700,0.000042
0.029656,0.000040
0.028125,0.000038
0.037937,0.000043
0.030154,0.000039
0.025111,0.000038
0.039051,0.000042
0.031848,0.000041
0.028426,0.000038
0.025483,0.000036
0.023757,0.000036
0.023202,0.000036
0.023395,0.000036
0.035622,0.000040
0.032341,0.000040
0.025859,0.000038
0.023013,0.000036
0.026901,0.000038
0.022854,0.000037
0.022797,0.000036
0.035437,0.000041
0.029913,0.000038
0.027420,0.000038
0.024783,0.000037
