0.045047,0.003697
0.047867,0.003680
0.044720,0.003690
0.040664,0.003680
0.034052,0.003694
0.029751,0.003685
0.044092,0.003691
0.041590,0.003679
0.038406,0.003683
0.030861,0.003678
0.028346,0.003690
0.026440,0.003687
0.034807,0.003694
0.040961,0.003674
0.047074,0.003693
0.041239,0.003689
0.031925,0.003685
0.047885,0.003682
0.034507,0.003687
0.030764,0.003694
0.028494,0.003702
0.025957,0.003689
0.025876,0.003691
0.030468,0.003695
0.034007,0.003688
0.027820,0.003678
0.026137,0.003694
0.025677,0.003698
0.025932,0.003684
0.041134,0.003690
0.036136,0.003680
0.046534,0.003687
