0.077200,0.170758
0.077342,0.170672
0.050097,0.170375
0.049794,0.170654
0.072563,0.170576
0.057517,0.170605
0.050400,0.170821
0.053109,0.170660
0.080806,0.170658
0.082142,0.170785
0.051869,0.170503
0.050602,0.170662
0.066826,0.170707
0.079753,0.170580
0.080138,0.170679
0.064260,0.170688
0.077916,0.170693
0.079554,0.170655
0.050331,0.170707
0.051225,0.170693
0.079443,0.170873
0.085112,0.170493
0.077778,0.170839
0.066778,0.170551
0.085904,0.170569
0.080148,0.170748
0.080671,0.170658
0.053270,0.170721
0.072237,0.170400
0.077418,0.170592
0.065793,0.170677
0.075450,0.170519
