0.085103,0.167659
0.085221,0.167717
0.089508,0.167853
0.055797,0.167555
0.090490,0.167305
0.087260,0.167682
0.091594,0.167439
0.061207,0.167535
0.089281,0.167454
0.070458,0.167867
0.083611,0.167613
0.084147,0.167650
0.065600,0.167759
0.084986,0.167744
0.071864,0.167887
0.088836,0.167746
0.083938,0.167669
0.086644,0.167651
0.081870,0.167674
0.086675,0.167552
0.086993,0.167629
0.085167,0.167663
0.055478,0.167499
0.079894,0.167803
0.087225,0.167542
0.055736,0.167552
0.087826,0.167643
0.076398,0.167548
0.085486,0.167583
0.086662,0.167802
0.088505,0.167543
0.084133,0.167802
