0.040056,0.023063
0.053786,0.022977
0.059934,0.023020
0.054356,0.022988
0.054535,0.023000
0.052704,0.023014
0.033031,0.022973
0.033985,0.023010
0.030778,0.023027
0.035608,0.022997
0.046354,0.023029
0.036095,0.022991
0.031901,0.022966
0.034388,0.023004
0.030906,0.023050
0.030899,0.022981
0.030664,0.022988
0.045377,0.023029
0.039031,0.022982
0.055259,0.022991
0.055426,0.022963
0.039103,0.022968
0.051409,0.022974
0.038853,0.022991
0.052665,0.023021
0.035010,0.022980
0.031314,0.023005
0.043028,0.023039
0.055023,0.023004
0.057252,0.023031
0.054494,0.022986
0.039237,0.022969
