0.033656,0.002404
0.044371,0.002390
0.048565,0.002407
0.035119,0.002404
0.029833,0.002404
0.027921,0.002403
0.024986,0.002405
0.024727,0.002404
0.025196,0.002401
0.044823,0.002396
0.032503,0.002397
0.028066,0.002406
0.025083,0.002408
0.046388,0.002403
0.029663,0.002403
0.029113,0.002400
0.027032,0.002403
0.025054,0.002417
0.025001,0.002405
0.025495,0.002401
0.025118,0.002405
0.036299,0.002407
0.030683,0.002404
0.030055,0.002403
0.027418,0.002410
0.028810,0.002406
0.034981,0.002396
0.030975,0.002411
0.028369,0.002402
0.043526,0.002407
0.030397,0.002410
0.030047,0.002406
