0.031389,0.011237
0.028453,0.011237
0.027671,0.011262
0.028273,0.011243
0.040322,0.011246
0.031968,0.011268
0.031294,0.011234
0.031415,0.011264
0.047474,0.011247
0.049356,0.011241
0.048674,0.011254
0.032053,0.011257
0.028562,0.011226
0.038231,0.011256
0.032173,0.011234
0.028654,0.011245
0.027742,0.011247
0.028063,0.011243
0.027865,0.011264
0.027554,0.011239
0.041247,0.011288
0.050985,0.011272
0.031091,0.011243
0.028509,0.011281
0.031178,0.011257
0.046666,0.011278
0.050099,0.011233
0.034815,0.011243
0.032594,0.011260
0.028549,0.011248
0.044311,0.011261
0.031748,0.011255
