0.029498,0.000119
0.034861,0.000121
0.029833,0.000120
0.042210,0.000124
0.045810,0.000124
0.046074,0.000125
0.035952,0.000122
0.030775,0.000122
0.027735,0.000122
0.033189,0.000123
0.040082,0.000124
0.032739,0.000121
0.030053,0.000122
0.027160,0.000118
0.024566,0.000117
0.023279,0.000117
0.023367,0.000117
0.042359,0.000122
0.030655,0.000121
0.041277,0.000124
0.025825,0.000119
0.024559,0.000118
0.042609,0.000138
0.030496,0.000121
0.027178,0.000120
0.025222,0.000118
0.023541,0.000118
0.023403,0.000118
0.023749,0.000118
0.023499,0.000120
0.023843,0.000119
0.023364,0.000117
