0.066190,0.067898
0.064989,0.067957
0.061244,0.068072
0.061690,0.067967
0.063941,0.067798
0.064765,0.068008
0.040771,0.068056
0.056210,0.068097
0.052118,0.067788
0.038898,0.068276
0.064721,0.067883
0.066295,0.067695
0.057074,0.067866
0.064054,0.068090
0.038271,0.068106
0.064700,0.068089
0.047168,0.068037
0.059376,0.067894
0.062595,0.068214
0.060398,0.067982
0.070919,0.067939
0.063547,0.068124
0.038373,0.068094
0.063167,0.067851
0.062555,0.068218
0.057182,0.067950
0.042813,0.068037
0.038541,0.067885
0.062837,0.067935
0.062912,0.068029
0.042976,0.067940
0.038456,0.068125
