0.093131,0.326661
0.101501,0.326809
0.100021,0.326741
0.096122,0.326702
0.064950,0.326795
0.077175,0.326828
0.099289,0.326781
0.095665,0.326726
0.101293,0.326766
0.096674,0.326785
0.093558,0.326721
0.107050,0.326756
0.093957,0.326716
0.075315,0.326794
0.065124,0.326779
0.093690,0.326713
0.071947,0.326694
0.096136,0.326744
0.097784,0.326791
0.098401,0.326753
0.068609,0.326722
0.065354,0.326752
0.092894,0.326766
0.104476,0.326755
0.103481,0.326809
0.067503,0.326761
0.101734,0.326676
0.065199,0.326826
0.064698,0.326807
0.107839,0.326670
0.096053,0.326729
0.103021,0.326692
