0.093076,0.203354
0.056612,0.203236
0.081450,0.203142
0.057634,0.203200
0.087715,0.203224
0.064453,0.203211
0.084400,0.203104
0.088178,0.203164
0.087210,0.203149
0.055814,0.203240
0.056210,0.203210
0.085042,0.203248
0.089287,0.203083
0.083695,0.203109
0.086879,0.203206
0.079426,0.203143
0.084918,0.203180
0.055732,0.203252
0.067163,0.203129
0.058289,0.203222
0.079634,0.203044
0.090697,0.203219
0.081193,0.203173
0.055778,0.203300
0.074521,0.203135
0.058104,0.203259
0.056876,0.203294
0.055986,0.203340
0.089901,0.203292
0.082183,0.203144
0.064685,0.203150
0.088959,0.203209
