0.025149,0.001547
0.039196,0.001551
0.031612,0.001538
0.028244,0.001541
0.041034,0.001535
0.031618,0.001548
0.027980,0.001551
0.026342,0.001539
0.042178,0.001554
0.032749,0.001547
0.044190,0.001553
0.031878,0.001541
0.028068,0.001547
0.025181,0.001543
0.024329,0.001547
0.024282,0.001554
0.024496,0.001537
0.045100,0.001554
0.045515,0.001549
0.044541,0.001552
0.030880,0.001549
0.027473,0.001552
0.040948,0.001546
0.043655,0.001548
0.044212,0.001539
0.046287,0.001548
0.045484,0.001546
0.033141,0.001536
0.046122,0.001545
0.043925,0.001546
0.047028,0.001559
0.031287,0.001551
