0.046408,0.019972
0.054947,0.020221
0.038796,0.019952
0.037501,0.020136
0.054273,0.019921
0.052646,0.019871
0.052476,0.020062
0.053677,0.020152
0.036229,0.020062
0.053978,0.020168
0.037981,0.020054
0.031967,0.020070
0.033439,0.020070
0.031000,0.020194
0.039976,0.020067
0.037613,0.020113
0.049700,0.020106
0.036766,0.019913
0.047749,0.020197
0.053471,0.020219
0.047057,0.020024
0.044254,0.020072
0.053010,0.019966
0.036938,0.019980
0.032895,0.020107
0.031664,0.020082
0.044583,0.019916
0.035853,0.020032
0.037140,0.019966
0.048586,0.020152
0.037417,0.020046
0.054133,0.020131
