0.031842,0.021708
0.031794,0.021721
0.031454,0.021760
0.031878,0.022448
0.031840,0.021672
0.031529,0.022210
0.053710,0.021087
0.055431,0.021057
0.039943,0.021064
0.050570,0.021090
0.038199,0.021934
0.032043,0.021685
0.031613,0.021669
0.046118,0.021076
0.055418,0.021098
0.036149,0.021659
0.031507,0.021821
0.034940,0.021748
0.045156,0.021114
0.034051,0.021671
0.035220,0.022327
0.032453,0.021798
0.032680,0.022493
0.031468,0.021698
0.031243,0.021709
0.052839,0.021099
0.045827,0.021035
0.056436,0.021047
0.036219,0.021733
0.032258,0.021689
0.053465,0.021080
0.053799,0.021101
