0.000034,0.000151
0.000035,0.000155
0.000034,0.000151
0.000034,0.000150
0.000033,0.000150
0.000033,0.000151
0.000033,0.000151
0.000033,0.000150
0.000033,0.000151
0.000033,0.000151
0.000033,0.000150
0.000033,0.000151
0.000034,0.000151
0.000033,0.000151
0.000033,0.000150
0.000034,0.000150
0.000034,0.000150
0.000034,0.000150
0.000033,0.000150
0.000033,0.000151
0.000034,0.000150
0.000034,0.000150
0.000033,0.000151
0.000034,0.000150
0.000033,0.000151
0.000033,0.000151
0.000034,0.000151
0.000033,0.000151
0.000034,0.000150
0.000033,0.000151
0.000034,0.000150
0.000033,0.000156
