0.007933,0.859615
0.024553,1.030086
0.024676,1.031702
0.024079,1.030156
0.024298,1.026250
0.024461,1.033197
0.024562,1.033317
0.024366,1.028370
0.007965,0.963353
0.024507,1.032507
0.024588,1.034461
0.024528,1.042121
0.024411,1.036473
0.024574,1.040040
0.024810,1.033891
0.024142,1.032552
0.015302,0.976743
0.024687,1.028649
0.023133,1.022506
0.024671,1.034179
0.023168,1.140793
0.024419,1.029940
0.024513,1.041374
0.024447,1.027560
0.024658,1.035312
0.014130,0.980777
0.024210,1.033204
0.024262,1.025194
0.022783,1.028549
0.015508,0.974313
0.007950,0.855346
0.015354,0.982358
