0.022378,2.139926
0.039775,2.194170
0.039190,2.183321
0.038662,2.185380
0.039452,2.174815
0.025033,2.335091
0.039293,2.179724
0.040097,2.192097
0.024229,2.120678
0.039587,2.174402
0.038677,2.160082
0.040012,2.176480
0.039266,2.172849
0.039084,1.938340
0.039541,2.180355
0.039279,2.161541
0.039632,2.173971
0.038558,2.185575
0.038480,2.170946
0.022313,2.119270
0.039025,2.159689
0.034156,2.170271
0.039136,2.201375
0.039705,2.188653
0.022572,2.137529
0.039336,2.163115
0.038877,2.159991
0.039751,2.179507
0.039165,2.174138
0.039418,2.169822
0.039762,2.194974
0.039663,2.168048
