0.052360,3.183249
0.052977,3.191552
0.053153,4.167341
0.052718,4.175075
0.018543,3.036421
0.053493,3.186093
0.052670,4.152410
0.053585,3.212104
0.054110,3.174978
0.053597,4.178060
0.051704,3.162120
0.054171,4.177354
0.053660,4.185339
0.052874,3.183008
0.053247,4.170788
0.053301,3.212272
0.053213,3.191639
0.053050,3.211201
0.053614,4.152408
0.053119,3.201585
0.052883,4.171427
0.052597,3.182765
0.053255,4.175420
0.052655,3.182281
0.053016,3.168828
0.052889,3.194321
0.034193,3.118726
0.051606,3.166989
0.052368,4.178380
0.052699,3.163483
0.052715,4.160400
0.051627,3.164612
