0.000009,0.000019
0.000010,0.000019
0.000009,0.000018
0.000010,0.000018
0.000010,0.000018
0.000010,0.000018
0.000009,0.000019
0.000010,0.000018
0.000009,0.000019
0.000010,0.000018
0.000010,0.000018
0.000010,0.000019
0.000009,0.000019
0.000009,0.000019
0.000009,0.000019
0.000010,0.000018
0.000010,0.000018
0.000010,0.000018
0.000019,0.000035
0.000010,0.000018
0.000019,0.000035
0.000010,0.000018
0.000010,0.000018
0.000009,0.000019
0.000017,0.000032
0.000016,0.000029
0.000016,0.000029
0.000010,0.000019
0.000016,0.000029
0.000015,0.000028
0.000010,0.000019
0.000010,0.000018
