0.013924,0.473651
0.013719,0.471643
0.013967,0.475868
0.013576,0.474908
0.013793,0.469190
0.013640,0.469832
0.013879,0.474093
0.015908,0.467223
0.012804,0.472239
0.005120,0.379140
0.013956,0.477050
0.013886,0.472606
0.006683,0.415076
0.013999,0.469299
0.013730,0.468959
0.014030,0.475256
0.013733,0.472015
0.013832,0.471563
0.014155,0.474436
0.013795,0.467182
0.014014,0.477783
0.013971,0.472368
0.006892,0.413580
0.007637,0.430672
0.013954,0.475380
0.013848,0.467618
0.014036,0.472216
0.013956,0.472775
0.012001,0.461805
0.013969,0.472240
0.013890,0.471637
0.006470,0.422398
