0.000031,0.000138
0.000035,0.000151
0.000034,0.000151
0.000035,0.000151
0.000035,0.000152
0.000038,0.000182
0.000035,0.000151
0.000031,0.000138
0.000037,0.000162
0.000034,0.000146
0.000034,0.000146
0.000037,0.000163
0.000033,0.000147
0.000036,0.000157
0.000036,0.000157
0.000037,0.000156
0.000033,0.000142
0.000031,0.000137
0.000033,0.000142
0.000032,0.000137
0.000032,0.000138
0.000033,0.000142
0.000032,0.000138
0.000032,0.000150
0.000035,0.000152
0.000052,0.000227
0.000032,0.000138
0.000034,0.000147
0.000032,0.000137
0.000034,0.000146
0.000032,0.000137
0.000033,0.000142
