0.000300,0.003956
0.000257,0.003395
0.000431,0.004785
0.000262,0.003426
0.000313,0.004173
0.000302,0.003978
0.000288,0.003796
0.000288,0.003196
0.000222,0.002894
0.000279,0.003552
0.000220,0.002888
0.000257,0.003346
0.000218,0.002859
0.000232,0.003083
0.000250,0.003305
0.000225,0.003002
0.000239,0.003216
0.000240,0.003133
0.000231,0.002888
0.000233,0.003064
0.000225,0.002986
0.000225,0.002998
0.000219,0.002907
0.000232,0.004187
0.000400,0.005253
0.000380,0.005037
0.000234,0.003137
0.000359,0.004803
0.000267,0.003557
0.000241,0.004706
0.000257,0.003372
0.000257,0.003396
