0.002803,0.085447
0.002151,0.059320
0.003322,0.085008
0.003373,0.085670
0.003414,0.083165
0.003372,0.086209
0.003423,0.084019
0.003435,0.083296
0.003194,0.085566
0.003400,0.084837
0.003443,0.085520
0.003407,0.083164
0.003451,0.085063
0.002930,0.085405
0.003448,0.085199
0.003402,0.085309
0.003410,0.084983
0.002151,0.059813
0.002951,0.083951
0.002840,0.084678
0.003392,0.084087
0.003386,0.083943
0.003392,0.085003
0.003129,0.085230
0.003381,0.083815
0.003405,0.083134
0.003417,0.084162
0.003398,0.082482
0.003411,0.083918
0.003382,0.085419
0.003003,0.084477
0.002141,0.059286
