0.058070,3.839490
0.055758,4.504625
0.055565,4.478615
0.053812,4.467966
0.054348,3.914447
0.054703,3.912338
0.054775,3.970195
0.035485,4.441074
0.055987,3.934507
0.054901,3.949146
0.055478,4.484297
0.055511,3.949474
0.019308,4.347612
0.055468,4.483357
0.055425,3.938840
0.055031,3.885558
0.056832,4.522438
0.055578,4.481458
0.054898,4.499400
0.055805,4.493742
0.053868,4.011855
0.053774,3.913566
0.053129,3.919502
0.054136,4.486783
0.054441,3.873364
0.053470,3.969180
0.019388,3.846285
0.019272,3.832300
0.054527,4.472862
0.054083,3.901022
0.054767,4.508852
0.019480,3.845531
