0.059462,5.078889
0.059635,5.222424
0.060463,5.074392
0.058762,5.075318
0.060313,5.214656
0.059658,5.246244
0.059165,5.073578
0.060145,5.245531
0.059973,5.098617
0.059172,5.060192
0.059419,5.199963
0.059566,5.087300
0.059383,5.069922
0.059677,5.199766
0.060596,5.838390
0.060815,5.881989
0.059700,5.264297
0.059732,5.073194
0.058902,5.202716
0.060175,5.242562
0.035851,5.010361
0.060317,5.198620
0.059010,5.229384
0.060836,5.250641
0.059554,5.075862
0.058809,5.091559
0.060022,5.266796
0.060179,5.208405
0.039107,5.172396
0.058857,5.207946
0.059446,5.071468
0.059882,5.201046
