0.000251,0.002986
0.000246,0.003952
0.000258,0.003254
0.000535,0.006314
0.000256,0.003245
0.000382,0.004711
0.000252,0.002967
0.000267,0.003376
0.000251,0.002987
0.000238,0.002981
0.000257,0.003130
0.000247,0.003113
0.000246,0.003027
0.000229,0.002877
0.000229,0.002799
0.000240,0.002857
0.000229,0.002872
0.000230,0.002858
0.000221,0.002759
0.000238,0.002980
0.000214,0.002694
0.000221,0.002756
0.000537,0.006099
0.000229,0.002925
0.000320,0.004067
0.000285,0.003504
0.000267,0.003193
0.000257,0.003229
0.000247,0.003109
0.000238,0.002987
0.000222,0.002758
0.000248,0.002991
