0.000193,0.002353
0.000181,0.002191
0.000265,0.003010
0.000181,0.002175
0.000181,0.002191
0.000205,0.002381
0.000224,0.002326
0.000192,0.002318
0.000192,0.002342
0.000193,0.002340
0.000186,0.002219
0.000187,0.002177
0.000210,0.002188
0.000187,0.002250
0.000181,0.002182
0.000501,0.005946
0.000181,0.002206
0.000180,0.002152
0.000180,0.002180
0.000181,0.002179
0.000180,0.002202
0.000248,0.002896
0.000261,0.003112
0.000249,0.002976
0.000249,0.002994
0.000182,0.002192
0.000205,0.002448
0.000181,0.002201
0.000188,0.002249
0.000426,0.005045
0.000261,0.003101
0.000259,0.003104
