0.023513,1.868332
0.040799,2.253293
0.039949,2.251798
0.040129,2.254419
0.039369,2.243965
0.039210,1.919074
0.040446,2.263287
0.040358,2.270447
0.040021,2.241230
0.040080,2.261425
0.040576,2.287545
0.040440,2.266905
0.039390,2.259874
0.040139,2.238560
0.040554,2.266458
0.040602,2.251579
0.039612,2.239559
0.040112,2.256698
0.040924,2.263495
0.039849,2.268001
0.039309,2.263073
0.039791,2.252508
0.040409,2.249755
0.040833,2.260342
0.040439,2.249696
0.040791,2.257967
0.039858,1.913125
0.039627,2.240222
0.040139,2.247002
0.035817,2.244687
0.040555,2.275629
0.040655,2.246947
