0.000024,0.000075
0.000016,0.000046
0.000023,0.000085
0.000015,0.000047
0.000023,0.000076
0.000016,0.000046
0.000015,0.000046
0.000016,0.000046
0.000016,0.000046
0.000016,0.000046
0.000023,0.000077
0.000016,0.000046
0.000016,0.000046
0.000016,0.000046
0.000023,0.000076
0.000016,0.000060
0.000016,0.000046
0.000016,0.000046
0.000016,0.000046
0.000016,0.000046
0.000016,0.000046
0.000016,0.000046
0.000028,0.000080
0.000016,0.000047
0.000028,0.000080
0.000016,0.000047
0.000015,0.000047
0.000016,0.000046
0.000016,0.000046
0.000027,0.000076
0.000025,0.000095
0.000026,0.000076
