0.038928,5.077598
0.059191,5.145330
0.058921,5.145242
0.058236,3.850748
0.059264,5.179625
0.058201,3.850442
0.057247,3.851107
0.058561,3.877036
0.057104,3.872497
0.021036,3.721984
0.058811,3.864916
0.032100,3.868610
0.037670,3.854231
0.058014,3.851565
0.059546,3.899243
0.060072,3.866627
0.066905,5.148907
0.059322,3.867348
0.058620,5.120928
0.055791,3.868453
0.058071,3.874411
0.058339,3.860647
0.059889,3.873133
0.058409,5.128283
0.038578,5.091758
0.059157,5.159312
0.058417,3.850515
0.057848,3.850927
0.057941,3.896572
0.057682,3.871965
0.058734,3.851232
0.059478,3.886974
