0.000047,0.000289
0.000049,0.000298
0.000047,0.000289
0.000048,0.000305
0.000048,0.000289
0.000048,0.000289
0.000048,0.000289
0.000049,0.000298
0.000047,0.000288
0.000047,0.000288
0.000047,0.000289
0.000048,0.000289
0.000048,0.000308
0.000059,0.000353
0.000058,0.000513
0.000047,0.000290
0.000048,0.000289
0.000047,0.000289
0.000048,0.000289
0.000048,0.000289
0.000047,0.000290
0.000048,0.000290
0.000048,0.000289
0.000048,0.000288
0.000048,0.000290
0.000083,0.000503
0.000048,0.000288
0.000083,0.000503
0.000048,0.000290
0.000048,0.000306
0.000048,0.000288
0.000048,0.000289
