0.000180,0.002031
0.000180,0.002088
0.000193,0.002171
0.000175,0.001970
0.000415,0.004719
0.000194,0.002194
0.000193,0.002209
0.000180,0.002010
0.000193,0.002240
0.000216,0.002438
0.000180,0.002065
0.000186,0.002141
0.000200,0.002300
0.000180,0.002065
0.000174,0.002019
0.000165,0.001899
0.000186,0.002120
0.000212,0.001997
0.000180,0.002064
0.000181,0.002068
0.000174,0.001978
0.000170,0.001955
0.000174,0.001989
0.000180,0.002079
0.000203,0.002066
0.000180,0.002067
0.000180,0.002065
0.000180,0.002060
0.000180,0.002092
0.000175,0.001995
0.000175,0.001973
0.000175,0.001939
