0.000174,0.001974
0.000205,0.002021
0.000179,0.002067
0.000168,0.002168
0.000180,0.002068
0.000174,0.002057
0.000175,0.002035
0.000168,0.001957
0.000168,0.001957
0.000174,0.002042
0.000169,0.001971
0.000181,0.001945
0.000169,0.002183
0.000169,0.001962
0.000169,0.004746
0.000185,0.002190
0.000169,0.002184
0.000169,0.001960
0.000174,0.002020
0.000174,0.002024
0.000185,0.002139
0.000174,0.002005
0.000185,0.002187
0.000178,0.002086
0.000185,0.002151
0.000194,0.002007
0.000192,0.002216
0.000181,0.002025
0.000179,0.002088
0.000186,0.002145
0.000179,0.002059
0.000179,0.002086
