0.000006,0.000011
0.000007,0.000010
0.000007,0.000010
0.000007,0.000010
0.000007,0.000010
0.000006,0.000010
0.000007,0.000010
0.000006,0.000010
0.000006,0.000010
0.000006,0.000010
0.000006,0.000010
0.000007,0.000010
0.000006,0.000010
0.000006,0.000011
0.000007,0.000010
0.000006,0.000010
0.000006,0.000010
0.000013,0.000021
0.000012,0.000021
0.000013,0.000021
0.000006,0.000010
0.000012,0.000020
0.000007,0.000012
0.000006,0.000011
0.000012,0.000019
0.000006,0.000012
0.000011,0.000019
0.000006,0.000010
0.000006,0.000011
0.000007,0.000013
0.000006,0.000010
0.000006,0.000010
