0.000037,0.000181
0.000038,0.000186
0.000037,0.000181
0.000037,0.000180
0.000039,0.000185
0.000038,0.000186
0.000037,0.000181
0.000037,0.000179
0.000037,0.000180
0.000038,0.000185
0.000038,0.000180
0.000038,0.000185
0.000037,0.000180
0.000037,0.000187
0.000037,0.000178
0.000038,0.000187
0.000039,0.000184
0.000037,0.000179
0.000037,0.000181
0.000037,0.000180
0.000036,0.000191
0.000037,0.000265
0.000037,0.000181
0.000037,0.000179
0.000038,0.000186
0.000038,0.000185
0.000037,0.000179
0.000038,0.000184
0.000037,0.000179
0.000039,0.000180
0.000037,0.000179
0.000037,0.000179
