0.000264,0.003415
0.000254,0.003333
0.000255,0.003340
0.000254,0.003320
0.000314,0.003573
0.000254,0.003340
0.000255,0.003363
0.000246,0.003202
0.000250,0.003195
0.000265,0.003317
0.000255,0.003329
0.000275,0.003469
0.000246,0.003204
0.000237,0.003037
0.000299,0.003920
0.000345,0.007317
0.000255,0.003340
0.000252,0.003096
0.000245,0.003207
0.000229,0.003021
0.000229,0.003023
0.000229,0.002994
0.000264,0.003464
0.000229,0.003000
0.000229,0.003328
0.000222,0.002893
0.000237,0.003043
0.000229,0.003005
0.000214,0.002818
0.000215,0.002733
0.000221,0.002897
0.000278,0.003524
