0.052030,3.928346
0.052534,2.898804
0.052253,2.930218
0.052389,3.930998
0.051316,2.900591
0.051674,2.907532
0.053165,3.924153
0.051707,3.936132
0.032689,3.897350
0.051023,2.921167
0.052352,2.919305
0.051721,3.921517
0.052157,3.924782
0.051827,2.916926
0.051317,3.936667
0.052830,3.965243
0.052645,3.918613
0.051389,3.950937
0.052067,2.916316
0.051520,2.900980
0.051935,2.930381
0.051667,3.912980
0.050601,3.914823
0.052665,3.918038
0.051941,3.943811
0.052079,2.900951
0.051542,3.918838
0.051373,3.925957
0.052177,2.919654
0.051669,3.925345
0.050475,2.894765
0.051162,3.010201
