0.000308,0.003091
0.000354,0.003049
0.000202,0.002026
0.000154,0.001559
0.000231,0.002245
0.000154,0.001550
0.000193,0.001928
0.000210,0.002131
0.000211,0.002070
0.000193,0.001938
0.000235,0.002365
0.000194,0.001966
0.000202,0.001860
0.000192,0.001934
0.000193,0.001936
0.000193,0.001941
0.000177,0.001803
0.000178,0.001793
0.000178,0.001780
0.000171,0.001707
0.000172,0.001721
0.000172,0.001717
0.000178,0.001787
0.000165,0.001677
0.000167,0.001656
0.000171,0.001761
0.000172,0.001736
0.000189,0.001671
0.000164,0.001646
0.000165,0.001659
0.000164,0.001661
0.000165,0.001645
