0.009263,0.280390
0.009250,0.278281
0.009269,0.279663
0.009312,0.278458
0.003397,0.199930
0.009280,0.280692
0.003408,0.198231
0.009258,0.281531
0.009311,0.275100
0.008969,0.277375
0.009332,0.277561
0.005595,0.231843
0.009291,0.275823
0.009358,0.284221
0.009244,0.275760
0.009223,0.276081
0.009284,0.276527
0.009258,0.278614
0.009252,0.282374
0.009300,0.277314
0.009296,0.279268
0.009256,0.279340
0.003398,0.200712
0.003397,0.199979
0.007000,0.256859
0.009265,0.278714
0.009287,0.281666
0.009268,0.279719
0.009349,0.276161
0.009271,0.279434
0.009258,0.279665
0.009286,0.282809
