0.048891,3.420851
0.047150,3.389788
0.048067,3.365963
0.048525,2.635024
0.048141,3.390725
0.048073,2.596618
0.047914,2.589004
0.048478,3.382894
0.047500,2.576293
0.048596,2.592777
0.046808,2.591705
0.047506,3.379995
0.046290,2.608449
0.030332,3.329408
0.016623,3.220481
0.047925,3.398132
0.048118,3.382605
0.047495,3.382898
0.047990,2.606363
0.047471,3.379447
0.048156,3.399588
0.047333,2.575444
0.048197,2.591440
0.046756,2.583427
0.047903,2.589122
0.048386,3.372210
0.047411,3.378059
0.048808,2.601220
0.046599,3.370048
0.048389,2.585507
0.048569,2.586939
0.047304,3.371990
