0.029917,1.638750
0.029429,1.677966
0.029580,1.643839
0.029732,1.686518
0.029464,1.636208
0.029182,1.674398
0.029687,1.634172
0.029562,1.661062
0.028204,1.634133
0.030011,1.676173
0.029734,1.621307
0.029679,1.659483
0.029824,1.631585
0.009635,1.465951
0.009624,1.449117
0.016940,1.579107
0.029351,1.652489
0.029387,1.636709
0.029358,1.619310
0.030037,1.685447
0.029484,1.625036
0.029895,1.704576
0.029775,1.652797
0.029558,1.629239
0.018579,1.607801
0.029537,1.624772
0.028741,1.633935
0.029010,1.632498
0.029103,1.618832
0.009626,1.454486
0.029168,1.621728
0.028738,1.613795
