0.000350,0.004665
0.000348,0.004643
0.000334,0.004410
0.000334,0.004431
0.000320,0.004228
0.000640,0.007994
0.000319,0.004226
0.000404,0.005375
0.000403,0.005150
0.000350,0.004658
0.000385,0.004929
0.000367,0.004898
0.000405,0.004678
0.000334,0.004417
0.000334,0.004426
0.000334,0.004269
0.000320,0.004243
0.000307,0.004056
0.000307,0.004076
0.000308,0.004094
0.000296,0.003937
0.000295,0.003860
0.000302,0.003742
0.000334,0.007391
0.000323,0.005461
0.000309,0.004068
0.000233,0.003095
0.000233,0.003081
0.000233,0.003089
0.000295,0.003930
0.000366,0.004745
0.000285,0.003799
