0.029669,1.371279
0.029631,1.385600
0.030531,1.383701
0.030176,1.375272
0.030281,1.377651
0.030446,1.384186
0.030485,1.375966
0.018941,1.316981
0.009915,1.205820
0.021342,1.355273
0.030330,1.389014
0.030388,1.372826
0.030422,1.441383
0.029809,1.377160
0.030382,1.393553
0.015720,1.331748
0.030345,1.376418
0.030387,1.384877
0.030076,1.379851
0.009960,1.209733
0.030057,1.381964
0.030137,1.374275
0.029754,1.376541
0.029955,1.383930
0.029724,1.381055
0.019347,1.336402
0.031193,1.397234
0.030845,1.383406
0.026630,1.367560
0.030671,1.392788
0.030274,1.379452
0.030239,1.391819
