0.000055,0.000329
0.000057,0.000340
0.000065,0.000388
0.000055,0.000330
0.000055,0.000331
0.000055,0.000330
0.000055,0.000328
0.000055,0.000328
0.000056,0.000327
0.000055,0.000330
0.000054,0.000344
0.000055,0.000328
0.000055,0.000343
0.000056,0.000326
0.000056,0.000341
0.000055,0.000330
0.000055,0.000331
0.000055,0.000330
0.000056,0.000328
0.000082,0.000551
0.000055,0.000329
0.000055,0.000328
0.000055,0.000329
0.000055,0.000327
0.000054,0.000330
0.000055,0.000340
0.000054,0.000330
0.000055,0.000331
0.000055,0.000327
0.000055,0.000330
0.000056,0.000330
0.000055,0.000330
