0.008811,0.483169
0.005604,0.409957
0.010721,0.499629
0.014813,0.527835
0.005598,0.422915
0.005000,0.389191
0.007749,0.489565
0.015333,0.533698
0.014454,0.530297
0.012249,0.510778
0.015022,0.530739
0.005645,0.423356
0.010403,0.514230
0.015076,0.527695
0.015096,0.531127
0.015297,0.534691
0.014943,0.533730
0.008376,0.484105
0.015149,0.532383
0.008819,0.481623
0.015013,0.530734
0.007856,0.489185
0.014928,0.535999
0.015129,0.532401
0.015027,0.528685
0.005652,0.422498
0.015245,0.529919
0.015107,0.532153
0.014797,0.523457
0.015143,0.532746
0.015100,0.529481
0.005613,0.418472
