0.004074,0.105291
0.004022,0.104895
0.004062,0.104444
0.004062,0.103759
0.004078,0.107536
0.003899,0.105145
0.004070,0.104684
0.004051,0.107266
0.004057,0.103265
0.004068,0.102836
0.004044,0.104187
0.004079,0.103272
0.004065,0.103348
0.003478,0.105693
0.004050,0.107289
0.004066,0.103312
0.004061,0.104830
0.004045,0.105363
0.002154,0.064982
0.004033,0.104253
0.004077,0.104911
0.004071,0.104014
0.004101,0.106717
0.004062,0.105096
0.004123,0.103070
0.004063,0.103775
0.004039,0.106648
0.004055,0.105815
0.003809,0.106046
0.004646,0.103068
0.004055,0.104712
0.004054,0.103558
