0.001062,0.021420
0.000968,0.019307
0.000902,0.017800
0.001512,0.028940
0.001262,0.024025
0.001136,0.022048
0.001019,0.020123
0.001003,0.018691
0.000903,0.017858
0.001504,0.029322
0.001336,0.025006
0.001537,0.028899
0.001132,0.029748
0.001288,0.024418
0.001061,0.021281
0.000951,0.019153
0.001515,0.029672
0.001516,0.029184
0.001563,0.029822
0.001554,0.028691
0.001205,0.023786
0.001080,0.021209
0.000951,0.019475
0.000902,0.017857
0.000820,0.016533
0.000786,0.016036
0.000753,0.014976
0.000722,0.014523
0.000667,0.013873
0.000645,0.013231
0.000622,0.012645
0.000646,0.025442
