0.027801,1.219365
0.027949,1.221857
0.028197,1.233529
0.027623,1.222723
0.027433,1.226487
0.026979,1.216926
0.027880,1.229856
0.027805,1.226161
0.028150,1.233114
0.027125,1.215183
0.027909,1.229506
0.017398,1.166411
0.027620,1.234949
0.027120,1.223928
0.027996,1.228855
0.027598,1.228316
0.009060,1.054298
0.009068,1.057837
0.027868,1.231695
0.027141,1.219735
0.017579,1.172294
0.014345,1.171517
0.027677,1.227358
0.009065,1.060453
0.027684,1.230202
0.027864,1.234579
0.028076,1.219074
0.028070,1.228953
0.027488,1.232800
0.027543,1.228904
0.027224,1.232330
0.016572,1.169339
