0.057175,3.633527
0.056260,3.632335
0.056780,3.609766
0.056605,3.636290
0.057229,3.612177
0.056963,4.814840
0.057968,4.800783
0.056543,3.629303
0.056401,3.618553
0.056972,3.633118
0.055532,3.616228
0.056033,3.616222
0.056555,3.635226
0.056446,3.604788
0.057371,3.667820
0.036453,3.573506
0.056361,4.789102
0.057161,3.719923
0.057259,4.795337
0.056373,3.637849
0.057800,4.802141
0.056839,4.806836
0.056989,4.795078
0.057507,4.816427
0.055418,3.609823
0.057534,4.794482
0.056884,3.611159
0.056711,4.813891
0.057460,4.799960
0.056519,3.637535
0.019967,3.473460
0.050505,4.787452
