0.042579,2.596931
0.042610,2.599869
0.042314,2.602023
0.041995,2.184250
0.041185,2.588303
0.041876,2.602777
0.042662,2.588872
0.042234,2.593304
0.041437,2.188210
0.042638,2.185262
0.041761,2.197999
0.041564,2.574803
0.043063,2.610349
0.044598,2.615339
0.042117,2.200728
0.041478,2.588471
0.025390,2.521156
0.042091,2.604838
0.043133,2.586361
0.042769,2.598512
0.041355,2.606063
0.042496,2.586558
0.042479,2.596658
0.042207,2.588153
0.041648,2.592745
0.042664,2.602718
0.042212,2.573939
0.042836,2.612116
0.041441,2.599211
0.042372,2.600540
0.042766,2.587670
0.042276,2.187057
