0.000029,0.000114
0.000028,0.000115
0.000029,0.000114
0.000043,0.000119
0.000028,0.000114
0.000028,0.000114
0.000030,0.000118
0.000029,0.000118
0.000029,0.000113
0.000029,0.000118
0.000028,0.000115
0.000028,0.000114
0.000028,0.000113
0.000030,0.000117
0.000028,0.000114
0.000029,0.000118
0.000028,0.000113
0.000028,0.000114
0.000028,0.000115
0.000028,0.000115
0.000028,0.000116
0.000028,0.000115
0.000028,0.000114
0.000029,0.000114
0.000029,0.000114
0.000028,0.000115
0.000028,0.000114
0.000028,0.000115
0.000029,0.000114
0.000028,0.000114
0.000029,0.000115
0.000028,0.000114
