0.059175,4.973336
0.057959,3.750060
0.059507,5.002070
0.058299,3.777402
0.057578,3.773460
0.058002,3.750973
0.057239,3.781813
0.037621,3.764593
0.057049,3.748631
0.056657,3.751670
0.058673,3.794298
0.057455,3.781666
0.057983,3.799423
0.057500,3.761052
0.056959,3.770499
0.056111,3.768622
0.058153,3.803564
0.057407,3.751165
0.057728,3.780490
0.057742,4.966241
0.058332,4.975597
0.057504,3.762281
0.057401,4.999969
0.058144,4.215637
0.056918,3.748872
0.057760,3.751534
0.057263,4.989705
0.048887,3.749017
0.057881,4.994727
0.060825,5.014192
0.058011,3.795319
0.058623,3.801329
