0.000229,0.002973
0.000227,0.002978
0.000227,0.003014
0.000243,0.003215
0.000227,0.002958
0.000243,0.003108
0.000220,0.002891
0.000243,0.003155
0.000213,0.002794
0.000228,0.002960
0.000214,0.002806
0.000255,0.002887
0.000214,0.002801
0.000214,0.002815
0.000214,0.002812
0.000213,0.002791
0.000214,0.002802
0.000214,0.002801
0.000214,0.003136
0.000213,0.002806
0.000261,0.003444
0.000285,0.003418
0.000220,0.002894
0.000251,0.003332
0.000220,0.002879
0.000557,0.007631
0.000228,0.002958
0.000251,0.003080
0.000261,0.003407
0.000227,0.002975
0.000473,0.006027
0.000253,0.002960
