0.031375,1.450589
0.031467,1.469601
0.031599,1.454758
0.031389,1.460171
0.010263,1.289382
0.031535,1.466661
0.031179,1.466786
0.031379,1.453866
0.030807,1.450904
0.031987,1.461377
0.031230,1.445127
0.031029,1.453300
0.031928,1.463479
0.031264,1.454746
0.017410,1.385963
0.031804,1.456871
0.030948,1.444347
0.031525,1.460510
0.030282,1.445417
0.030586,1.442548
0.030714,1.456111
0.031665,1.455150
0.031554,1.457491
0.031586,1.452686
0.030662,1.460069
0.030751,1.453100
0.030689,1.446298
0.030578,1.451797
0.030782,1.445075
0.031271,1.458072
0.031524,1.451475
0.030893,1.453928
