0.005429,0.381348
0.012649,0.430622
0.012666,0.427829
0.007617,0.393403
0.007195,0.387121
0.012742,0.427945
0.012675,0.425365
0.012736,0.430900
0.012663,0.425669
0.012592,0.429874
0.012690,0.424675
0.004652,0.349212
0.012578,0.425695
0.012708,0.428041
0.012615,0.425252
0.012824,0.426055
0.012690,0.427567
0.012736,0.428675
0.012652,0.431205
0.012547,0.427077
0.012554,0.432416
0.007720,0.387997
0.012721,0.424528
0.012697,0.427608
0.012689,0.427857
0.012676,0.425052
0.004687,0.347620
0.012530,0.423378
0.012606,0.427980
0.012540,0.427974
0.006988,0.371307
0.012730,0.424923
