0.000057,0.000352
0.000057,0.000353
0.000057,0.000353
0.000059,0.000364
0.000057,0.000352
0.000057,0.000367
0.000057,0.000352
0.000057,0.000352
0.000057,0.000353
0.000057,0.000351
0.000057,0.000352
0.000058,0.000352
0.000057,0.000353
0.000057,0.000353
0.000058,0.000353
0.000057,0.000351
0.000057,0.000353
0.000057,0.000368
0.000057,0.000353
0.000059,0.000352
0.000057,0.000353
0.000057,0.000353
0.000057,0.000352
0.000057,0.000353
0.000057,0.000363
0.000058,0.000352
0.000076,0.000353
0.000057,0.000353
0.000057,0.000353
0.000057,0.000517
0.000058,0.000351
0.000057,0.000356
