0.005177,0.142823
0.002595,0.090223
0.003523,0.145440
0.005158,0.141094
0.005184,0.145915
0.005185,0.144452
0.005187,0.187925
0.005168,0.141814
0.005180,0.145029
0.004676,0.144092
0.005260,0.142036
0.004774,0.135090
0.002525,0.133676
0.005171,0.143841
0.004281,0.145460
0.002475,0.088999
0.003127,0.140606
0.002573,0.089669
0.001934,0.077922
0.003254,0.107838
0.005126,0.141895
0.005163,0.140633
0.005168,0.142915
0.005155,0.142669
0.004254,0.144571
0.005152,0.146836
0.005234,0.142434
0.004255,0.145659
0.004966,0.142867
0.005188,0.140001
0.005169,0.145370
0.002572,0.089591
