0.001299,0.027934
0.001218,0.026131
0.001105,0.023766
0.000985,0.021302
0.000942,0.020894
0.001292,0.036212
0.001738,0.035989
0.001381,0.028873
0.001210,0.024965
0.001089,0.023940
0.001380,0.029366
0.001151,0.024706
0.001217,0.036023
0.001394,0.029171
0.001385,0.028974
0.001216,0.026360
0.001445,0.036203
0.001380,0.028946
0.001567,0.036254
0.001739,0.035520
0.001407,0.028442
0.001149,0.024472
0.001774,0.036130
0.001379,0.027912
0.001149,0.024332
0.001099,0.022855
0.001500,0.036332
0.001755,0.035464
0.001724,0.034944
0.001414,0.027787
0.001725,0.036405
0.001467,0.029009
