0.002479,0.056472
0.002489,0.057758
0.002478,0.058200
0.002170,0.048999
0.001747,0.043020
0.001653,0.057498
0.002297,0.058315
0.002494,0.057666
0.002244,0.058004
0.002030,0.047621
0.002474,0.057468
0.002501,0.056735
0.001854,0.045497
0.001652,0.041015
0.002494,0.057348
0.002504,0.056598
0.002468,0.057121
0.001880,0.042627
0.001612,0.039656
0.002287,0.054085
0.001857,0.045738
0.001601,0.039564
0.002283,0.057941
0.002499,0.057476
0.002119,0.051299
0.002082,0.057473
0.001856,0.045175
0.002509,0.057007
0.001989,0.067184
0.002512,0.055761
0.001981,0.047601
0.002500,0.056735
