0.000210,0.002539
0.000217,0.002681
0.000215,0.002726
0.000224,0.002758
0.000223,0.002809
0.000215,0.002663
0.000216,0.002688
0.000219,0.002704
0.000216,0.002649
0.000217,0.002668
0.000216,0.002672
0.000209,0.002607
0.000208,0.002580
0.000225,0.002806
0.000224,0.002716
0.000216,0.002684
0.000210,0.002604
0.000216,0.004785
0.000225,0.004365
0.000217,0.002709
0.000449,0.005356
0.000229,0.002687
0.000262,0.003247
0.000250,0.003134
0.000241,0.003005
0.000241,0.003014
0.000251,0.003114
0.000241,0.002969
0.000241,0.003033
0.000232,0.002915
0.000232,0.002866
0.000232,0.002897
