0.009754,0.290357
0.009778,0.290644
0.009847,0.292398
0.009915,0.292731
0.009909,0.292120
0.009786,0.290758
0.009772,0.291617
0.009884,0.289705
0.009801,0.292687
0.009777,0.295897
0.009758,0.296597
0.009833,0.294649
0.009761,0.289651
0.009816,0.288420
0.009806,0.292905
0.009867,0.321235
0.009811,0.290176
0.009797,0.290547
0.009628,0.290912
0.009813,0.292819
0.003610,0.212471
0.006954,0.260269
0.007864,0.268236
0.009274,0.296158
0.009770,0.290493
0.008836,0.297518
0.009857,0.291033
0.003599,0.212634
0.009869,0.291249
0.007867,0.273660
0.009798,0.294252
0.009782,0.292333
