0.000003,0.000002
0.000003,0.000002
0.000003,0.000002
0.000004,0.000002
0.000003,0.000003
0.000003,0.000002
0.000003,0.000003
0.000003,0.000002
0.000003,0.000003
0.000003,0.000003
0.000003,0.000002
0.000003,0.000002
0.000003,0.000002
0.000003,0.000002
0.000003,0.000002
0.000003,0.000002
0.000003,0.000002
0.000004,0.000015
0.000003,0.000002
0.000003,0.000002
0.000003,0.000002
0.000002,0.000002
0.000002,0.000002
0.000003,0.000002
0.000003,0.000002
0.000002,0.000002
0.000003,0.000002
0.000002,0.000002
0.000003,0.000002
0.000002,0.000002
0.000003,0.000002
0.000003,0.000002
