0.016458,0.599965
0.016705,0.595801
0.016689,0.661455
0.016641,0.593565
0.016412,0.593760
0.016647,0.601149
0.016413,0.599436
0.016396,0.599162
0.016332,0.599458
0.016675,0.593573
0.016251,0.594567
0.016307,0.593806
0.016220,0.596778
0.016478,0.595922
0.016473,0.592627
0.016683,0.595528
0.016560,0.600775
0.016657,0.594346
0.016420,0.601161
0.016305,0.592454
0.016550,0.593523
0.011872,0.569774
0.016449,0.596305
0.016389,0.595363
0.016436,0.589992
0.016446,0.594846
0.016389,0.591715
0.016390,0.599490
0.016495,0.596186
0.016302,0.597506
0.016193,0.596502
0.016300,0.594622
