0.000220,0.002782
0.000235,0.002996
0.000227,0.002866
0.000253,0.005057
0.000550,0.006853
0.000299,0.003797
0.000364,0.004594
0.000299,0.003805
0.000285,0.003669
0.000274,0.003469
0.000274,0.003454
0.000276,0.003320
0.000264,0.003357
0.000263,0.003248
0.000268,0.003292
0.000263,0.003182
0.000253,0.003228
0.000253,0.003056
0.000549,0.006916
0.000254,0.003235
0.000298,0.003781
0.000253,0.003211
0.000253,0.003247
0.000244,0.003088
0.000263,0.003254
0.000256,0.003204
0.000253,0.003182
0.000253,0.003210
0.000254,0.003135
0.000244,0.003114
0.000244,0.003071
0.000253,0.003235
