0.044680,2.786938
0.043467,2.832695
0.043300,2.223463
0.043398,2.810960
0.042629,2.761263
0.043703,2.827930
0.044248,2.229258
0.042594,2.217931
0.043178,2.796092
0.015093,2.621317
0.043053,2.770058
0.043017,2.864403
0.043554,2.845197
0.043774,2.797963
0.043781,2.822921
0.043610,2.224613
0.043978,2.227935
0.044322,2.207384
0.028103,2.189829
0.015050,2.697335
0.014893,2.646971
0.043221,2.803569
0.043465,2.213091
0.044186,2.803759
0.043012,2.833468
0.043969,2.781030
0.042942,2.793878
0.041605,3.703577
0.043827,2.813522
0.044056,2.798057
0.044004,2.765464
0.045046,2.235630
