0.000088,0.000684
0.000087,0.000706
0.000088,0.000684
0.000087,0.000684
0.000087,0.000697
0.000087,0.000684
0.000088,0.000683
0.000087,0.000683
0.000087,0.000684
0.000087,0.000683
0.000087,0.000683
0.000087,0.000683
0.000088,0.000695
0.000087,0.000684
0.000087,0.000684
0.000088,0.000700
0.000087,0.000682
0.000088,0.000684
0.000088,0.000695
0.000087,0.000683
0.000087,0.000684
0.000088,0.000744
0.000087,0.000684
0.000087,0.000684
0.000087,0.000685
0.000088,0.000684
0.000104,0.000684
0.000087,0.000685
0.000087,0.000684
0.000088,0.000702
0.000087,0.000682
0.000087,0.000684
