0.053791,3.338971
0.051887,4.340256
0.053527,4.347041
0.053718,3.686331
0.053255,3.302061
0.053797,3.298466
0.052593,3.284616
0.054004,4.340281
0.054042,4.437744
0.053657,3.308666
0.052556,3.282598
0.052561,3.281819
0.054563,3.315974
0.054999,4.355294
0.053715,4.316665
0.053363,3.287198
0.053928,3.326046
0.035133,3.239620
0.054196,3.293297
0.054200,4.356523
0.053610,4.321239
0.052770,3.282838
0.052507,3.283771
0.051895,3.285242
0.035447,4.292202
0.053884,4.325383
0.034178,4.280089
0.052326,3.287015
0.052804,3.288085
0.030311,3.296938
0.052271,3.304672
0.054456,3.318721
