0.000222,0.002310
0.000168,0.001745
0.000203,0.002121
0.000170,0.001735
0.000168,0.001728
0.000188,0.001934
0.000188,0.001989
0.000164,0.001696
0.000180,0.001872
0.000180,0.001888
0.000210,0.001797
0.000168,0.001735
0.000175,0.001786
0.000175,0.001791
0.000179,0.001864
0.000174,0.001795
0.000162,0.001693
0.000174,0.001809
0.000174,0.002432
0.000188,0.001727
0.000168,0.001734
0.000168,0.001727
0.000162,0.001676
0.000162,0.001676
0.000163,0.001676
0.000168,0.001736
0.000162,0.001677
0.000162,0.001675
0.000157,0.001621
0.000162,0.001672
0.000158,0.001623
0.000158,0.001623
