0.029464,3.143954
0.045803,2.524579
0.046039,3.173542
0.045922,3.178978
0.045484,3.180042
0.046107,3.203007
0.046664,3.168649
0.045927,3.192956
0.045651,3.179237
0.045936,2.534112
0.046703,3.180515
0.045645,2.522481
0.045756,2.497613
0.046197,3.190754
0.045865,3.157593
0.046603,3.190938
0.046257,3.166816
0.046370,3.174235
0.045795,3.177249
0.045799,2.517015
0.047265,3.174878
0.046425,2.588397
0.046169,3.180756
0.045381,3.188673
0.045032,3.168868
0.045060,3.164118
0.044786,2.514358
0.046562,3.193661
0.046138,3.167264
0.046572,3.186616
0.046072,3.182011
0.046667,3.163011
