0.002802,0.067006
0.002796,0.065748
0.002781,0.065160
0.001908,0.047946
0.001577,0.040770
0.001442,0.039220
0.001953,0.065867
0.002780,0.065210
0.002336,0.066310
0.002807,0.064265
0.002600,0.065817
0.002717,0.065227
0.002762,0.065081
0.002765,0.065451
0.002790,0.065441
0.002351,0.066185
0.002815,0.064969
0.002807,0.065084
0.002814,0.065687
0.002764,0.064884
0.002760,0.066062
0.002804,0.065313
0.001975,0.048162
0.002760,0.065179
0.002217,0.066645
0.002780,0.065236
0.002804,0.064488
0.002796,0.064949
0.002821,0.065913
0.001843,0.047440
0.002816,0.065615
0.001507,0.067245
