0.004798,0.126847
0.004770,0.130247
0.004758,0.129747
0.004855,0.129709
0.004441,0.128378
0.004794,0.127889
0.004777,0.127981
0.004777,0.131295
0.004801,0.132798
0.004804,0.132944
0.004834,0.131232
0.004424,0.125021
0.004764,0.127476
0.004811,0.129794
0.004788,0.127395
0.002481,0.081014
0.001907,0.068439
0.002452,0.091638
0.003236,0.105659
0.004785,0.128081
0.004603,0.129341
0.004775,0.130720
0.004808,0.128717
0.004791,0.129722
0.002503,0.081723
0.004753,0.128537
0.004781,0.126211
0.004768,0.132827
0.004795,0.129298
0.004776,0.126411
0.004466,0.134315
0.004795,0.131590
