0.000117,0.001042
0.000117,0.001026
0.000117,0.001005
0.000126,0.001081
0.000117,0.001006
0.000113,0.000974
0.000114,0.000973
0.000122,0.001044
0.000121,0.000972
0.000103,0.000903
0.000113,0.000974
0.000114,0.000973
0.000114,0.000971
0.000113,0.000975
0.000114,0.000976
0.000114,0.000975
0.000117,0.001053
0.000113,0.000988
0.000113,0.000976
0.000113,0.000971
0.000114,0.000971
0.000113,0.000974
0.000123,0.000975
0.000117,0.001025
0.000110,0.000944
0.000113,0.000972
0.000113,0.000973
0.000106,0.000914
0.000111,0.000943
0.000110,0.000958
0.000113,0.001019
0.000110,0.000942
