0.033743,1.629991
0.033260,1.632672
0.011224,1.453415
0.021427,1.585729
0.034283,1.803590
0.034285,1.626053
0.033896,1.628399
0.033925,1.647679
0.033787,1.616726
0.033820,1.627717
0.033853,1.645238
0.034167,1.639386
0.032971,1.624227
0.033501,1.622780
0.034447,1.647642
0.021189,1.586538
0.034333,1.635212
0.033768,1.629495
0.033403,1.621634
0.034092,1.634646
0.033768,1.637194
0.033963,1.627626
0.033387,1.636088
0.033238,1.623897
0.033988,1.633157
0.033843,1.619478
0.034204,1.637366
0.033965,1.627354
0.033773,1.621713
0.033938,1.630386
0.033902,1.629278
0.033607,1.627076
