0.041204,4.246493
0.061033,5.668757
0.022192,4.130341
0.062034,4.305726
0.063083,4.280547
0.063359,5.740825
0.063100,4.296084
0.062397,4.281127
0.062323,4.289755
0.060966,4.285271
0.062900,5.725331
0.061409,4.247676
0.063076,4.277295
0.061153,4.263329
0.060908,4.279703
0.062504,4.302121
0.061734,4.248306
0.061091,4.289300
0.060118,4.260713
0.062254,4.362846
0.061397,4.493816
0.038553,4.127479
0.062680,5.720471
0.061839,4.247729
0.061949,5.703931
0.062628,4.253378
0.040092,5.667035
0.061375,4.254268
0.062819,5.725589
0.062149,4.250310
0.060842,4.274730
0.061412,5.701462
