0.000014,0.000041
0.000015,0.000040
0.000015,0.000040
0.000015,0.000040
0.000015,0.000040
0.000015,0.000040
0.000014,0.000041
0.000014,0.000041
0.000021,0.000066
0.000015,0.000040
0.000031,0.000066
0.000014,0.000040
0.000015,0.000040
0.000015,0.000040
0.000022,0.000066
0.000015,0.000041
0.000015,0.000040
0.000014,0.000040
0.000015,0.000040
0.000014,0.000039
0.000015,0.000040
0.000015,0.000040
0.000014,0.000041
0.000015,0.000041
0.000015,0.000040
0.000022,0.000066
0.000015,0.000040
0.000021,0.000067
0.000015,0.000041
0.000015,0.000040
0.000015,0.000040
0.000015,0.000040
