0.000096,0.000827
0.000097,0.000803
0.000098,0.001179
0.000097,0.000800
0.000097,0.000799
0.000097,0.000813
0.000097,0.000799
0.000097,0.000806
0.000097,0.000799
0.000098,0.000826
0.000097,0.000800
0.000097,0.000801
0.000098,0.000802
0.000096,0.000805
0.000097,0.000823
0.000097,0.000805
0.000097,0.000806
0.000097,0.000927
0.000112,0.001109
0.000112,0.000927
0.000123,0.001022
0.000097,0.000803
0.000123,0.001024
0.000229,0.001884
0.000118,0.000981
0.000119,0.000977
0.000100,0.000825
0.000118,0.000981
0.000118,0.000983
0.000214,0.001766
0.000212,0.001786
0.000160,0.001330
