0.000067,0.000457
0.000067,0.000456
0.000067,0.000470
0.000067,0.000458
0.000067,0.000671
0.000067,0.000457
0.000068,0.000456
0.000067,0.000473
0.000067,0.000456
0.000067,0.000457
0.000067,0.000458
0.000066,0.000457
0.000067,0.000457
0.000067,0.000457
0.000068,0.000469
0.000067,0.000455
0.000067,0.000457
0.000067,0.000456
0.000067,0.000457
0.000067,0.000457
0.000068,0.000457
0.000067,0.000470
0.000067,0.000456
0.000068,0.000458
0.000066,0.000457
0.000067,0.000455
0.000067,0.000456
0.000067,0.000455
0.000067,0.000456
0.000067,0.000467
0.000067,0.000455
0.000067,0.000455
