0.000084,0.000647
0.000084,0.000653
0.000085,0.000646
0.000085,0.000671
0.000085,0.000652
0.000084,0.000651
0.000085,0.000666
0.000087,0.000649
0.000085,0.000651
0.000086,0.000653
0.000084,0.000652
0.000089,0.000647
0.000085,0.000652
0.000085,0.000657
0.000085,0.000665
0.000085,0.000650
0.000084,0.000651
0.000084,0.000646
0.000085,0.000651
0.000087,0.000647
0.000086,0.000651
0.000084,0.000650
0.000085,0.000661
0.000089,0.000646
0.000084,0.000653
0.000085,0.000669
0.000085,0.000646
0.000085,0.000647
0.000090,0.000651
0.000085,0.000647
0.000098,0.000646
0.000085,0.000652
