0.033033,1.525165
0.032740,1.516901
0.032390,1.517516
0.010884,1.361076
0.033390,1.513477
0.033657,1.523133
0.032979,1.519011
0.033429,1.531018
0.032860,1.518204
0.032773,1.523639
0.032562,1.518255
0.031235,1.519980
0.032647,1.513643
0.033540,1.535306
0.033201,1.518439
0.033071,1.526339
0.033769,1.516221
0.032876,1.528159
0.020594,1.469334
0.032756,1.518813
0.032973,1.527714
0.033210,1.516155
0.032470,1.524313
0.033364,1.526706
0.033213,1.524063
0.033278,1.528264
0.033269,1.518987
0.033023,1.515838
0.033139,1.522391
0.030580,1.514698
0.032515,1.528653
0.033024,1.512209
