0.011486,0.372799
0.011475,0.369216
0.011355,0.369474
0.011442,0.370442
0.011518,0.370423
0.011574,0.370814
0.011307,0.368351
0.011496,0.368073
0.011448,0.374654
0.005449,0.320451
0.011088,0.368763
0.011438,0.368931
0.011497,0.375791
0.011483,0.368197
0.010967,0.373698
0.011722,0.370673
0.011575,0.368580
0.011333,0.370602
0.011454,0.369553
0.011515,0.368419
0.011526,0.370512
0.011588,0.366926
0.011522,0.375159
0.011596,0.369915
0.004211,0.295121
0.006946,0.326006
0.011683,0.373567
0.011440,0.367858
0.011409,0.368499
0.011492,0.366106
0.011524,0.371594
0.011451,0.372692
