0.018624,0.715187
0.011643,0.656186
0.018397,0.706550
0.006943,0.547282
0.010903,0.652463
0.018460,0.711648
0.018862,0.710484
0.018393,0.712865
0.018376,0.710746
0.018562,0.709768
0.009304,0.657390
0.007901,0.657430
0.018760,0.711775
0.018572,0.706769
0.018635,0.715244
0.018243,0.714115
0.018523,0.706912
0.018361,0.712479
0.018706,0.709891
0.018605,0.715311
0.018382,0.710203
0.018738,0.707434
0.018179,0.708134
0.018283,0.707001
0.018619,0.714700
0.011469,0.657218
0.018598,0.712760
0.006927,0.544394
0.009346,0.658627
0.005943,0.536084
0.012015,0.666759
0.018592,0.713618
