0.000030,0.000137
0.000051,0.000241
0.000048,0.000229
0.000030,0.000139
0.000049,0.000228
0.000049,0.000229
0.000029,0.000139
0.000029,0.000138
0.000029,0.000140
0.000031,0.000143
0.000040,0.000191
0.000029,0.000139
0.000029,0.000139
0.000042,0.000198
0.000030,0.000139
0.000030,0.000154
0.000042,0.000199
0.000033,0.000158
0.000029,0.000140
0.000030,0.000138
0.000029,0.000139
0.000030,0.000139
0.000040,0.000190
0.000029,0.000139
0.000030,0.000139
0.000039,0.000199
0.000033,0.000157
0.000029,0.000139
0.000029,0.000139
0.000037,0.000176
0.000029,0.000139
0.000038,0.000175
