0.000093,0.000776
0.000100,0.000809
0.000146,0.001197
0.000093,0.000762
0.000094,0.000773
0.000093,0.000761
0.000093,0.000761
0.000141,0.001152
0.000094,0.000771
0.000134,0.001093
0.000093,0.000762
0.000097,0.000785
0.000093,0.000759
0.000106,0.000864
0.000106,0.000867
0.000106,0.000865
0.000093,0.000762
0.000093,0.000761
0.000099,0.000811
0.000096,0.000811
0.000099,0.000810
0.000093,0.000759
0.000096,0.000823
0.000093,0.000762
0.000096,0.000784
0.000094,0.000775
0.000093,0.000761
0.000093,0.000762
0.000094,0.000781
0.000093,0.000759
0.000093,0.000760
0.000093,0.000760
