0.000287,0.004062
0.000319,0.004075
0.000311,0.008127
0.000309,0.004400
0.000286,0.004034
0.000309,0.004256
0.000277,0.003904
0.000286,0.004054
0.000302,0.003899
0.000277,0.003920
0.000276,0.003877
0.000277,0.003821
0.000268,0.003729
0.000300,0.003773
0.000278,0.003854
0.000259,0.003669
0.000259,0.003874
0.000259,0.003661
0.000259,0.003584
0.000277,0.003867
0.000251,0.003453
0.000243,0.003439
0.000243,0.003443
0.000250,0.003547
0.000250,0.003549
0.000243,0.003445
0.000276,0.003838
0.000243,0.003436
0.000243,0.003439
0.000244,0.003451
0.000244,0.003453
0.000243,0.003422
