0.011849,0.689451
0.018928,0.744506
0.019288,0.743399
0.019211,0.742224
0.016115,0.734285
0.019448,0.749082
0.019218,0.742629
0.018986,0.740325
0.006595,0.568214
0.019261,1.049834
0.011785,0.693187
0.014760,0.715960
0.016887,0.729641
0.019115,0.744059
0.018993,0.741295
0.019194,0.749705
0.019080,0.739880
0.018733,0.745103
0.014894,0.712594
0.018967,0.742704
0.014363,0.724083
0.019026,0.748436
0.007217,0.589202
0.019288,0.742890
0.019256,0.744676
0.017419,0.730921
0.019112,0.739729
0.018936,0.744781
0.019226,0.738165
0.006604,0.570257
0.006225,0.566362
0.018764,0.747259
