0.000265,0.003166
0.000177,0.002098
0.000176,0.002119
0.000209,0.002383
0.000182,0.002175
0.000177,0.002106
0.000177,0.002104
0.000197,0.002344
0.000177,0.002104
0.000177,0.002099
0.000176,0.002089
0.000188,0.002165
0.000195,0.002170
0.000183,0.002123
0.000176,0.002105
0.000176,0.002107
0.000177,0.002120
0.000187,0.002238
0.000178,0.002106
0.000181,0.002092
0.000182,0.002082
0.000177,0.002106
0.000176,0.002102
0.000177,0.002069
0.000417,0.005403
0.000176,0.002116
0.000177,0.002107
0.000202,0.002389
0.000176,0.002118
0.000196,0.002278
0.000388,0.004567
0.000197,0.002321
