0.006422,0.188536
0.006429,0.187236
0.006397,0.186946
0.006395,0.193904
0.006368,0.186177
0.006185,0.187201
0.006409,0.186072
0.006396,0.185427
0.006354,0.185149
0.006419,0.186954
0.006381,0.192505
0.006375,0.187586
0.006381,0.190948
0.006417,0.186402
0.006379,0.185788
0.002759,0.117925
0.006015,0.186959
0.002759,0.119493
0.005730,0.184739
0.006370,0.185630
0.006378,0.185515
0.006458,0.184968
0.006404,0.185612
0.006371,0.185556
0.006390,0.189585
0.005611,0.186812
0.006395,0.187690
0.006391,0.190287
0.006402,0.188511
0.006396,0.189717
0.006540,0.185972
0.006440,0.189459
