0.000065,0.000428
0.000065,0.000428
0.000064,0.000429
0.000065,0.000428
0.000065,0.000427
0.000065,0.000428
0.000064,0.000429
0.000064,0.000430
0.000064,0.000467
0.000064,0.000427
0.000065,0.000428
0.000065,0.000427
0.000064,0.000429
0.000065,0.000445
0.000064,0.000427
0.000064,0.000429
0.000064,0.000428
0.000065,0.000426
0.000064,0.000429
0.000065,0.000428
0.000064,0.000441
0.000064,0.000427
0.000065,0.000429
0.000065,0.000429
0.000064,0.000428
0.000064,0.000427
0.000074,0.000428
0.000064,0.000442
0.000065,0.000428
0.000065,0.000427
0.000065,0.000428
0.000064,0.000429
