0.051141,3.025421
0.049947,2.975504
0.049805,3.847685
0.051008,3.019654
0.033339,3.814813
0.051344,3.867671
0.049705,2.971802
0.051097,2.994074
0.051218,3.872307
0.049951,2.974409
0.050578,3.870963
0.030843,3.827489
0.050979,2.982576
0.049725,2.973737
0.050504,3.854933
0.051725,3.869169
0.048707,2.999282
0.050744,3.868272
0.050357,3.008769
0.050585,2.975411
0.050944,3.884534
0.050995,2.986921
0.049977,3.880870
0.050918,2.978140
0.044409,3.867543
0.051178,3.888648
0.050863,3.884756
0.050611,2.977422
0.051410,3.013595
0.049300,2.992665
0.052014,3.873984
0.051362,2.987967
