0.000515,0.007583
0.000487,0.007224
0.000463,0.006942
0.000463,0.006587
0.000442,0.006610
0.000421,0.006264
0.000516,0.007667
0.000487,0.007314
0.000463,0.006741
0.000442,0.006503
0.000778,0.010728
0.000441,0.006527
0.000547,0.007927
0.000600,0.008184
0.000491,0.007147
0.000464,0.006856
0.000488,0.007070
0.000508,0.006892
0.000440,0.006592
0.000420,0.006256
0.000420,0.006082
0.000636,0.011440
0.000721,0.010649
0.000712,0.010025
0.000714,0.009494
0.000578,0.008633
0.000717,0.011440
0.000722,0.010386
0.000617,0.009187
0.000579,0.008674
0.000580,0.008464
0.000578,0.008661
0.000465,0.006909
0.000553,0.007739
0.000389,0.005760
0.000490,0.007059
0.000463,0.006836
0.000421,0.006275
0.000421,0.006330
0.000425,0.006271
0.000518,0.011092
0.000441,0.006563
0.000474,0.006272
0.000424,0.006084
0.000356,0.005304
0.000356,0.005135
0.000343,0.005110
0.000344,0.004968
0.000331,0.004929
0.000350,0.005146
0.000335,0.004736
0.000333,0.004773
0.000308,0.004586
0.000310,0.004605
0.000310,0.004507
0.000344,0.005104
0.000299,0.004414
0.000290,0.004314
0.000289,0.004236
0.000299,0.004460
0.000294,0.004299
0.000282,0.004172
0.000310,0.004510
0.000298,0.004439
