0.010427,0.317946
0.010334,0.321978
0.010323,0.320250
0.009718,0.320283
0.010352,0.318619
0.010025,0.321665
0.003792,0.240877
0.010400,0.319550
0.009759,0.325787
0.010308,0.323074
0.010340,0.316950
0.010273,0.323802
0.010507,0.317276
0.010168,0.322656
0.010340,0.321871
0.010326,0.320382
0.010326,0.317649
0.010345,0.322550
0.010287,0.318649
0.010324,0.315154
0.010370,0.320952
0.003795,0.240024
0.010320,0.321551
0.003837,0.241405
0.010396,0.321636
0.007781,0.296762
0.011944,0.315791
0.010497,0.321223
0.010316,0.321796
0.010342,0.317113
0.010298,0.315231
0.009844,0.325477
