0.000014,0.000035
0.000014,0.000035
0.000014,0.000035
0.000014,0.000035
0.000014,0.000035
0.000014,0.000055
0.000013,0.000035
0.000013,0.000035
0.000014,0.000035
0.000014,0.000035
0.000013,0.000035
0.000014,0.000035
0.000014,0.000034
0.000013,0.000035
0.000014,0.000035
0.000013,0.000038
0.000014,0.000034
0.000014,0.000035
0.000014,0.000034
0.000013,0.000037
0.000014,0.000035
0.000014,0.000035
0.000013,0.000035
0.000014,0.000035
0.000014,0.000035
0.000014,0.000035
0.000014,0.000035
0.000014,0.000035
0.000013,0.000036
0.000026,0.000035
0.000014,0.000035
0.000014,0.000035
