0.000702,0.012356
0.000784,0.013970
0.000705,0.012445
0.000744,0.012669
0.000667,0.011873
0.000635,0.011199
0.000671,0.011569
0.000689,0.011835
0.000674,0.011137
0.000891,0.022676
0.000741,0.013128
0.000767,0.012377
0.000744,0.012431
0.000559,0.009851
0.000781,0.012811
0.000513,0.008355
0.000496,0.008565
0.000449,0.007735
0.000430,0.007509
0.000938,0.016447
0.000445,0.007868
0.000586,0.019259
0.001028,0.016805
0.000888,0.015212
0.000832,0.014537
0.000783,0.013281
0.000700,0.012463
0.000742,0.012934
0.000726,0.011995
0.000698,0.011272
0.000838,0.019237
0.001025,0.016902
