0.000076,0.000544
0.000189,0.001444
0.000075,0.000902
0.000076,0.000548
0.000075,0.000545
0.000076,0.000544
0.000075,0.000544
0.000075,0.000544
0.000132,0.000945
0.000131,0.000944
0.000075,0.000550
0.000076,0.000547
0.000093,0.000668
0.000092,0.000668
0.000090,0.000568
0.000075,0.000544
0.000075,0.000544
0.000076,0.000582
0.000096,0.000731
0.000094,0.000678
0.000075,0.000549
0.000076,0.000558
0.000113,0.000816
0.000087,0.000622
0.000075,0.000554
0.000076,0.000544
0.000192,0.001355
0.000076,0.000563
0.000092,0.000667
0.000076,0.000545
0.000093,0.000665
0.000101,0.000725
