0.000556,0.008228
0.000494,0.007190
0.000468,0.006894
0.000424,0.008979
0.000468,0.006971
0.000445,0.006515
0.000655,0.009252
0.000445,0.006554
0.000444,0.006637
0.000424,0.006196
0.000426,0.005966
0.000404,0.005862
0.000406,0.005764
0.000386,0.005541
0.000370,0.005472
0.000370,0.005257
0.000356,0.005231
0.000356,0.005090
0.000343,0.005072
0.000343,0.004851
0.000342,0.005110
0.000343,0.005020
0.000330,0.004858
0.000331,0.004702
0.000318,0.004658
0.000307,0.004525
0.000306,0.004482
0.000361,0.004709
0.000297,0.004243
0.000307,0.004505
0.000319,0.004686
0.000307,0.004477
