0.062701,4.368228
0.064028,5.914968
0.062882,4.401098
0.063150,4.358858
0.040850,4.348624
0.062349,5.873731
0.022859,4.211357
0.062202,4.366920
0.066862,4.379597
0.061606,4.382616
0.062191,4.380344
0.062538,4.357583
0.062048,4.402578
0.062713,4.410024
0.063354,4.361564
0.063859,5.928666
0.062394,4.384247
0.063396,4.379562
0.064526,4.387957
0.064121,4.431077
0.063747,4.382571
0.056941,4.346880
0.041805,4.338406
0.062226,4.354837
0.061645,4.380570
0.063905,4.386560
0.022724,4.233141
0.063444,4.379340
0.023001,4.238286
0.063013,4.381237
0.063617,4.388700
0.023011,4.207328
