0.000162,0.001776
0.000156,0.001722
0.000156,0.001718
0.000156,0.001725
0.000156,0.001724
0.000151,0.001672
0.000155,0.001723
0.000152,0.001670
0.000151,0.001670
0.000152,0.001665
0.000152,0.001672
0.000151,0.001636
0.000152,0.001672
0.000153,0.001674
0.000151,0.001668
0.000151,0.001669
0.000151,0.001667
0.000174,0.001671
0.000152,0.001668
0.000151,0.001669
0.000152,0.001673
0.000151,0.001673
0.000151,0.001629
0.000151,0.001669
0.000151,0.001671
0.000161,0.001774
0.000153,0.001666
0.000151,0.001667
0.000156,0.001751
0.000151,0.001680
0.000151,0.001681
0.000151,0.001663
