0.000727,0.010346
0.000621,0.009144
0.000521,0.007501
0.000483,0.007028
0.000485,0.007113
0.000458,0.006718
0.000435,0.006347
0.000437,0.006400
0.000422,0.006040
0.000415,0.006037
0.000418,0.005513
0.000410,0.005642
0.000398,0.005614
0.000379,0.005576
0.000368,0.005067
0.000725,0.010475
0.000669,0.009770
0.000348,0.005079
0.000348,0.004976
0.000335,0.004878
0.000323,0.004695
0.000323,0.004693
0.000460,0.006424
0.000435,0.006187
0.000422,0.006079
0.000414,0.005789
0.000396,0.005644
0.000396,0.005777
0.000484,0.010239
0.000726,0.009914
0.000623,0.009079
0.000581,0.008486
