0.000070,0.000485
0.000070,0.000485
0.000092,0.000484
0.000070,0.000484
0.000070,0.000485
0.000070,0.000485
0.000070,0.000485
0.000072,0.000504
0.000070,0.000483
0.000070,0.000485
0.000070,0.000499
0.000071,0.000485
0.000071,0.000484
0.000070,0.000483
0.000070,0.000484
0.000070,0.000486
0.000070,0.000485
0.000070,0.000484
0.000070,0.000485
0.000071,0.000484
0.000071,0.000483
0.000070,0.000485
0.000070,0.000485
0.000070,0.000484
0.000070,0.000483
0.000070,0.000485
0.000070,0.000486
0.000070,0.000485
0.000070,0.000485
0.000070,0.000486
0.000070,0.000495
0.000070,0.000483
