0.000349,0.004952
0.000444,0.006089
0.000367,0.005209
0.000382,0.005212
0.000349,0.004952
0.000405,0.005359
0.000350,0.007127
0.000348,0.004992
0.000382,0.005463
0.000347,0.004762
0.000376,0.004938
0.000371,0.004765
0.000350,0.004579
0.000335,0.004624
0.000322,0.004461
0.000323,0.004560
0.000310,0.004324
0.000299,0.004266
0.000317,0.004099
0.000328,0.008792
0.000315,0.004419
0.000466,0.006623
0.000492,0.007000
0.000322,0.004596
0.000403,0.005708
0.000310,0.004399
0.000364,0.005192
0.000371,0.004765
0.000378,0.004726
0.000407,0.005191
0.000383,0.005174
0.000300,0.004247
