0.010923,0.346302
0.010783,0.348118
0.011015,0.350602
0.010901,0.346568
0.010805,0.344711
0.010900,0.350690
0.010962,0.349251
0.010951,0.345414
0.010874,0.347457
0.010922,0.348048
0.010905,0.344552
0.004000,0.267312
0.007793,0.318480
0.010914,0.342787
0.011116,0.347979
0.010877,0.345049
0.011030,0.347961
0.010819,0.351570
0.010932,0.346157
0.010808,0.349394
0.011014,0.346361
0.010921,0.350769
0.010883,0.348509
0.010734,0.346297
0.010925,0.343900
0.010875,0.351287
0.010833,0.344605
0.010922,0.347512
0.010962,0.351095
0.010911,0.344795
0.010887,0.344298
0.010905,0.345808
