0.000073,0.000516
0.000073,0.000517
0.000074,0.000515
0.000074,0.000536
0.000072,0.000515
0.000072,0.000517
0.000073,0.000513
0.000073,0.000515
0.000073,0.000529
0.000072,0.000519
0.000073,0.000516
0.000073,0.000518
0.000073,0.000518
0.000073,0.000528
0.000073,0.000517
0.000073,0.000517
0.000072,0.000517
0.000073,0.000517
0.000073,0.000516
0.000072,0.000517
0.000073,0.000517
0.000073,0.000517
0.000073,0.000517
0.000073,0.000518
0.000072,0.000517
0.000092,0.000517
0.000073,0.000519
0.000073,0.000517
0.000074,0.000515
0.000074,0.000518
0.000072,0.000530
0.000073,0.000518
