0.034871,1.721846
0.011534,1.544093
0.034742,1.709434
0.011517,1.538788
0.034567,1.698471
0.034804,1.713925
0.011552,1.554589
0.035109,1.705476
0.034495,1.709394
0.034827,1.712613
0.034812,1.722870
0.034925,1.717253
0.036409,1.708285
0.034303,1.699359
0.035063,1.714557
0.034799,1.708020
0.034135,1.698353
0.035018,1.717035
0.034926,1.708858
0.035008,1.719104
0.034959,1.709280
0.034719,1.705644
0.011646,1.723559
0.034284,1.697964
0.034598,1.715361
0.034800,1.706029
0.011523,1.539620
0.035266,1.722237
0.035135,1.709180
0.035208,1.722041
0.011593,1.545671
0.034869,1.704661
