0.016202,3.142026
0.030213,3.255834
0.047229,2.595458
0.046974,2.587003
0.047615,3.301610
0.047831,3.313451
0.046503,3.304420
0.046557,2.581551
0.046928,3.310158
0.048055,3.298399
0.046551,3.306559
0.047369,3.296685
0.046252,2.593295
0.046826,2.577881
0.046480,2.597266
0.046694,3.307149
0.046802,2.619339
0.047587,3.294337
0.047888,3.319229
0.046847,3.294493
0.046409,2.621440
0.046404,3.289330
0.016434,3.147380
0.027053,2.526002
0.045746,3.288508
0.045989,2.582290
0.047768,3.322724
0.015977,3.145633
0.046066,3.293776
0.047494,3.313387
0.046000,3.302929
0.047236,3.308845
