0.000047,0.000253
0.000052,0.000281
0.000047,0.000254
0.000047,0.000254
0.000052,0.000279
0.000047,0.000254
0.000052,0.000281
0.000086,0.000289
0.000047,0.000254
0.000051,0.000279
0.000051,0.000299
0.000047,0.000254
0.000052,0.000280
0.000049,0.000262
0.000053,0.000280
0.000049,0.000262
0.000053,0.000280
0.000047,0.000254
0.000049,0.000262
0.000047,0.000254
0.000047,0.000254
0.000047,0.000254
0.000046,0.000253
0.000046,0.000247
0.000058,0.000263
0.000049,0.000262
0.000047,0.000255
0.000045,0.000246
0.000047,0.000254
0.000045,0.000246
0.000045,0.000247
0.000046,0.000245
