0.000397,0.005204
0.000397,0.005053
0.000377,0.004984
0.000377,0.004801
0.000358,0.004741
0.000504,0.007913
0.000360,0.004733
0.000517,0.006611
0.000343,0.004509
0.000477,0.005931
0.000395,0.005243
0.000427,0.005520
0.000395,0.005253
0.000396,0.004998
0.000630,0.008244
0.000378,0.004960
0.000378,0.004812
0.000399,0.005222
0.000327,0.004309
0.000398,0.005000
0.000385,0.004749
0.000359,0.004747
0.000435,0.005216
0.000358,0.004704
0.000443,0.005838
0.000396,0.005257
0.000435,0.004927
0.000377,0.004936
0.000376,0.004980
0.000359,0.004694
0.000377,0.004787
0.000359,0.004724
