0.012203,0.381084
0.012101,0.374823
0.012108,0.374911
0.012045,0.376830
0.012033,0.379014
0.012067,0.373601
0.012072,0.376565
0.011381,0.369251
0.011919,0.374966
0.012019,0.374281
0.012035,0.374185
0.006566,0.333306
0.012047,0.377297
0.004468,0.297690
0.012105,0.386285
0.012014,0.378205
0.012051,0.373906
0.012130,0.378941
0.012086,0.376069
0.012166,0.374094
0.012194,0.373410
0.012677,0.378267
0.012063,0.377165
0.011998,0.375138
0.012046,0.377866
0.011993,0.374807
0.007329,0.329837
0.012173,0.414859
0.011867,0.375902
0.012146,0.375687
0.008662,0.347598
0.011431,0.377923
