0.032584,1.493916
0.031830,1.492768
0.032120,1.501861
0.032344,1.508533
0.031954,1.493699
0.031681,1.503412
0.031782,1.498441
0.019348,1.458770
0.031957,1.490889
0.032375,1.497331
0.032231,1.503638
0.032201,1.499324
0.032521,1.494645
0.029687,1.484775
0.032461,1.507288
0.032252,1.500247
0.032006,1.492029
0.031383,1.498845
0.032553,1.502081
0.032528,1.496639
0.031775,1.491180
0.031106,1.516847
0.032070,1.499960
0.032065,1.509842
0.031993,1.494190
0.032371,1.516567
0.032101,1.491689
0.031579,1.494515
0.032286,1.500367
0.032420,1.499665
0.032009,1.509744
0.032412,1.503185
