0.063303,4.387149
0.065105,4.400724
0.063458,4.373318
0.063242,4.356763
0.065293,6.026540
0.063867,4.357407
0.064770,4.361220
0.023452,4.209302
0.065436,4.350355
0.064317,4.360154
0.061375,4.367278
0.061814,4.338804
0.063599,4.361483
0.063950,6.012173
0.040885,4.318099
0.039037,4.304894
0.062797,4.374497
0.063390,4.340685
0.064900,4.357365
0.041439,4.342130
0.064434,4.341120
0.064197,6.002556
0.064769,6.009616
0.065331,4.362778
0.063822,4.354655
0.023106,4.225142
0.024269,4.209474
0.064016,4.357056
0.042007,4.341198
0.063681,4.392054
0.047703,4.300292
0.064057,4.377814
