0.000359,0.005121
0.000356,0.004924
0.000342,0.004908
0.000341,0.004722
0.000328,0.004689
0.000316,0.004523
0.000711,0.009720
0.000329,0.004688
0.000609,0.008579
0.000329,0.004676
0.000534,0.007624
0.000504,0.007170
0.000711,0.009490
0.000603,0.008140
0.000610,0.008696
0.000577,0.008169
0.000532,0.007661
0.000502,0.007236
0.000711,0.010131
0.000476,0.009821
0.000609,0.008496
0.000576,0.011420
0.000704,0.009395
0.000504,0.007179
0.000503,0.007231
0.000474,0.006752
0.000474,0.006474
0.000449,0.006225
0.000451,0.006483
0.000426,0.006135
0.000449,0.010005
0.000655,0.010156
