0.011732,0.596026
0.016927,0.616173
0.016909,0.619340
0.017261,0.621644
0.017149,0.626982
0.010357,0.580256
0.010551,0.585014
0.017251,0.620187
0.016820,0.622327
0.017109,0.619028
0.016900,0.620759
0.015545,0.627074
0.010187,0.579048
0.010519,0.584389
0.016245,0.627863
0.017106,0.622888
0.017272,0.622963
0.017190,0.627116
0.017098,0.621741
0.015689,0.613390
0.016878,0.631999
0.017002,0.625032
0.009320,0.590329
0.017011,0.629766
0.009863,0.578487
0.017285,0.620123
0.017100,0.623813
0.006380,0.486976
0.017316,0.624379
0.010516,0.583216
0.017306,0.622151
0.006377,0.485773
