0.026382,1.086019
0.014572,1.037873
0.025958,1.083541
0.026265,1.087773
0.026048,1.094435
0.025802,1.086010
0.016090,1.033071
0.025857,1.084074
0.025963,1.082180
0.025947,1.084544
0.025915,1.088408
0.021342,1.069468
0.025699,1.085292
0.026257,1.084256
0.026468,1.081964
0.025775,1.090590
0.026651,1.092601
0.026314,1.125501
0.026306,1.086175
0.026219,1.092877
0.026219,1.080770
0.008726,0.914010
0.025858,1.082458
0.026410,1.091660
0.026324,1.089139
0.016484,1.027815
0.026192,1.093421
0.025548,1.077364
0.026254,1.098293
0.025652,1.077724
0.025659,1.086075
0.026175,1.092077
