0.000980,0.018772
0.000920,0.017453
0.000868,0.015787
0.000821,0.015602
0.000779,0.014993
0.000678,0.013101
0.000708,0.013261
0.001059,0.019457
0.000912,0.024607
0.000874,0.016617
0.000820,0.015601
0.001299,0.024136
0.001201,0.024461
0.001306,0.024713
0.001300,0.024001
0.001115,0.020707
0.000974,0.018317
0.001098,0.019371
0.000932,0.017178
0.001305,0.023774
0.001122,0.024342
0.001117,0.020664
0.001116,0.019845
0.000976,0.017868
0.000970,0.017542
0.000866,0.015937
0.000820,0.015556
0.000779,0.014727
0.001324,0.023974
0.001296,0.023946
0.001165,0.020986
0.001059,0.018846
