0.000129,0.001224
0.000128,0.001224
0.000142,0.001289
0.000129,0.001238
0.000129,0.001251
0.000128,0.001224
0.000130,0.001222
0.000128,0.001223
0.000129,0.001230
0.000129,0.001229
0.000144,0.001235
0.000128,0.001242
0.000129,0.001249
0.000128,0.001235
0.000194,0.002090
0.000131,0.001230
0.000138,0.001306
0.000131,0.001222
0.000131,0.001223
0.000129,0.001246
0.000262,0.003364
0.000129,0.001224
0.000134,0.001268
0.000128,0.001234
0.000303,0.001793
0.000185,0.001729
0.000157,0.001509
0.000157,0.001493
0.000151,0.001441
0.000151,0.001441
0.000151,0.001449
0.000157,0.001502
