0.000122,0.001079
0.000113,0.001004
0.000122,0.001072
0.000121,0.001071
0.000118,0.001041
0.000118,0.001067
0.000111,0.000997
0.000111,0.000974
0.000111,0.000978
0.000110,0.000983
0.000119,0.000978
0.000113,0.001029
0.000111,0.000974
0.000111,0.000982
0.000113,0.001009
0.000306,0.002473
0.000111,0.000981
0.000110,0.000978
0.000119,0.000981
0.000114,0.000992
0.000111,0.000983
0.000110,0.000981
0.000111,0.000973
0.000110,0.000982
0.000112,0.001002
0.000111,0.000979
0.000110,0.000981
0.000111,0.000978
0.000121,0.000975
0.000111,0.000997
0.000114,0.000975
0.000111,0.000974
