0.000249,0.003487
0.000251,0.003496
0.000248,0.003514
0.000275,0.004657
0.000248,0.003497
0.000248,0.003478
0.000546,0.007605
0.000516,0.007162
0.000344,0.004821
0.000328,0.004622
0.000315,0.004435
0.000314,0.004474
0.000316,0.004470
0.000248,0.006745
0.000304,0.004220
0.000455,0.006382
0.000293,0.004103
0.000292,0.004080
0.000305,0.004136
0.000293,0.004113
0.000284,0.003967
0.000333,0.004604
0.000273,0.003860
0.000265,0.003736
0.000265,0.003707
0.000256,0.003606
0.000339,0.004111
0.000295,0.004142
0.000682,0.009520
0.000455,0.006081
0.000303,0.004243
0.000409,0.005661
