0.000022,0.000071
0.000021,0.000072
0.000022,0.000071
0.000021,0.000066
0.000021,0.000069
0.000022,0.000069
0.000020,0.000067
0.000020,0.000067
0.000021,0.000068
0.000020,0.000067
0.000021,0.000069
0.000020,0.000067
0.000020,0.000067
0.000021,0.000066
0.000020,0.000066
0.000041,0.000102
0.000021,0.000066
0.000021,0.000067
0.000020,0.000066
0.000020,0.000067
0.000021,0.000066
0.000021,0.000066
0.000020,0.000066
0.000020,0.000067
0.000020,0.000067
0.000021,0.000066
0.000020,0.000067
0.000020,0.000067
0.000020,0.000067
0.000021,0.000067
0.000020,0.000067
0.000020,0.000067
