0.000259,0.003338
0.000240,0.003107
0.000250,0.003166
0.000250,0.003246
0.000250,0.003206
0.000249,0.003204
0.000305,0.003445
0.000252,0.003161
0.000269,0.003305
0.000252,0.003117
0.000259,0.003062
0.000240,0.003071
0.000537,0.007046
0.000560,0.006805
0.000249,0.003251
0.000241,0.003086
0.000240,0.003122
0.000206,0.002620
0.000214,0.002601
0.000204,0.002616
0.000525,0.007100
0.000354,0.004490
0.000327,0.004060
0.000252,0.003201
0.000385,0.003938
0.000305,0.003747
0.000283,0.003587
0.000269,0.003480
0.000258,0.003269
0.000259,0.003348
0.000249,0.003231
0.000259,0.003359
