0.000041,0.000210
0.000062,0.000353
0.000062,0.000352
0.000062,0.000352
0.000042,0.000211
0.000041,0.000211
0.000062,0.000353
0.000062,0.000388
0.000062,0.000355
0.000041,0.000210
0.000041,0.000211
0.000041,0.000212
0.000063,0.000352
0.000062,0.000352
0.000062,0.000352
0.000041,0.000212
0.000041,0.000210
0.000077,0.000388
0.000043,0.000217
0.000042,0.000218
0.000041,0.000210
0.000042,0.000210
0.000114,0.000543
0.000115,0.000560
0.000068,0.000349
0.000042,0.000210
0.000042,0.000210
0.000042,0.000210
0.000060,0.000304
0.000066,0.000330
0.000072,0.000367
0.000072,0.000367
