0.021389,0.851791
0.019705,0.839397
0.021309,0.847964
0.021098,0.844773
0.021458,0.852212
0.015401,0.809037
0.021410,0.846648
0.012650,0.786805
0.021105,0.847192
0.021195,0.846725
0.006882,0.674726
0.020779,0.848590
0.021512,1.238118
0.021779,0.854256
0.021355,0.853551
0.021308,0.849346
0.021526,0.853562
0.021106,0.846656
0.021219,0.848635
0.021207,0.843557
0.021354,0.847639
0.021250,0.849480
0.021026,0.850011
0.021300,0.848508
0.012606,0.794019
0.021166,0.853330
0.021384,0.847960
0.021291,0.849101
0.021586,0.848363
0.013018,0.797097
0.021519,0.847641
0.011733,0.794207
