0.000041,0.000084
0.000024,0.000083
0.000023,0.000093
0.000023,0.000084
0.000038,0.000091
0.000024,0.000083
0.000024,0.000083
0.000024,0.000084
0.000023,0.000083
0.000023,0.000083
0.000023,0.000084
0.000023,0.000084
0.000023,0.000084
0.000023,0.000084
0.000024,0.000084
0.000023,0.000084
0.000023,0.000083
0.000023,0.000083
0.000023,0.000084
0.000023,0.000084
0.000023,0.000083
0.000023,0.000083
0.000023,0.000084
0.000024,0.000084
0.000023,0.000084
0.000024,0.000083
0.000023,0.000083
0.000023,0.000084
0.000023,0.000083
0.000023,0.000084
0.000023,0.000083
0.000023,0.000084
