0.048383,2.778542
0.048740,3.635323
0.048493,2.781535
0.049353,3.569149
0.050887,3.581053
0.049039,3.569610
0.017093,3.410472
0.030857,3.537107
0.049758,2.803189
0.016763,2.620085
0.048678,2.762611
0.048414,3.579632
0.046776,2.767272
0.048029,2.768791
0.047723,3.578687
0.049533,3.579974
0.049175,3.581028
0.049486,2.790432
0.050146,4.655442
0.049176,3.592762
0.048588,2.772454
0.048860,3.589118
0.049128,3.587684
0.047181,3.585783
0.049244,2.771304
0.048809,2.789841
0.048981,3.565099
0.048098,2.768381
0.048293,3.579051
0.048197,3.584750
0.048058,2.765397
0.049320,3.594945
