0.000166,0.001638
0.000159,0.001590
0.000160,0.001601
0.000166,0.001669
0.000154,0.001534
0.000167,0.001647
0.000155,0.001536
0.000161,0.001596
0.000150,0.001479
0.000149,0.001472
0.000155,0.001569
0.000161,0.002658
0.000151,0.001483
0.000159,0.001591
0.000160,0.001589
0.000160,0.001581
0.000145,0.001429
0.000150,0.001467
0.000150,0.001468
0.000160,0.001576
0.000160,0.001579
0.000145,0.001435
0.000159,0.001589
0.000151,0.001470
0.000154,0.001534
0.000154,0.001521
0.000145,0.001422
0.000149,0.001469
0.000145,0.001419
0.000150,0.001474
0.000323,0.003159
0.000144,0.001437
