0.002080,0.087696
0.005524,0.155784
0.005590,0.156322
0.004053,0.137401
0.005549,0.158855
0.005584,0.157696
0.005564,0.161861
0.005541,0.160729
0.005532,0.157671
0.005571,0.154565
0.005517,0.160501
0.005596,0.158587
0.005608,0.158775
0.005436,0.159424
0.005549,0.157274
0.005558,0.156800
0.005554,0.155351
0.003328,0.120677
0.005600,0.160154
0.005590,0.157215
0.005140,0.162980
0.005590,0.156779
0.005561,0.159103
0.005492,0.158162
0.005575,0.156530
0.005077,0.158819
0.002680,0.104799
0.005522,0.156169
0.005536,0.159155
0.005565,0.158568
0.005539,0.159029
0.002682,0.101922
