0.026962,1.164887
0.026988,1.162769
0.008761,0.991350
0.027229,1.158103
0.027065,1.160226
0.027205,1.157751
0.027072,1.164938
0.026849,1.158583
0.026679,1.159346
0.027124,1.157696
0.026739,1.156146
0.027253,1.161779
0.026810,1.157976
0.027163,1.756461
0.027159,1.158822
0.027248,1.165850
0.015349,1.117090
0.026718,1.155080
0.027298,1.161386
0.026311,1.150556
0.026801,1.163583
0.026536,1.159067
0.026621,1.160205
0.026770,1.230315
0.020843,1.146705
0.027020,1.156128
0.026578,1.160467
0.027306,1.155217
0.026839,1.162120
0.008755,0.997191
0.026835,1.155581
0.027103,1.160900
