0.008715,0.268224
0.008712,0.268256
0.008777,0.265099
0.008703,0.267175
0.008773,0.264667
0.008689,0.267606
0.003210,0.188254
0.008240,0.266430
0.008736,0.266416
0.008682,0.268723
0.008714,0.270083
0.008753,0.267644
0.008747,0.265200
0.008740,0.260698
0.008738,0.267002
0.008725,0.273941
0.008803,0.266428
0.008726,0.265463
0.008751,0.270229
0.008766,0.266025
0.003207,0.188256
0.008734,0.264736
0.008713,0.263803
0.008717,0.264618
0.008749,0.268839
0.008722,0.268325
0.008725,0.268467
0.008738,0.264441
0.008219,0.271045
0.008759,0.264763
0.003213,0.186539
0.008745,0.269122
