0.000177,0.002113
0.000184,0.002165
0.000173,0.002035
0.000173,0.002030
0.000184,0.002202
0.000173,0.002493
0.000184,0.002152
0.000178,0.002077
0.000178,0.002105
0.000172,0.002039
0.000179,0.002089
0.000172,0.002031
0.000173,0.002039
0.000172,0.002055
0.000172,0.002038
0.000172,0.002054
0.000173,0.002051
0.000173,0.001997
0.000173,0.002037
0.000172,0.002038
0.000172,0.002040
0.000173,0.002041
0.000172,0.002037
0.000262,0.003380
0.000172,0.002753
0.000438,0.005125
0.000172,0.002031
0.000173,0.002038
0.000176,0.002040
0.000285,0.003328
0.000271,0.003200
0.000172,0.002030
