0.000060,0.000379
0.000060,0.000404
0.000060,0.000377
0.000060,0.000375
0.000060,0.000377
0.000059,0.000376
0.000059,0.000374
0.000059,0.000376
0.000060,0.000376
0.000059,0.000376
0.000060,0.000610
0.000059,0.000378
0.000060,0.000375
0.000059,0.000377
0.000059,0.000376
0.000060,0.000375
0.000062,0.000377
0.000060,0.000387
0.000060,0.000376
0.000060,0.000379
0.000059,0.000378
0.000060,0.000375
0.000059,0.000376
0.000060,0.000375
0.000060,0.000387
0.000059,0.000377
0.000060,0.000377
0.000060,0.000377
0.000060,0.000375
0.000060,0.000374
0.000061,0.000375
0.000059,0.000376
