0.000222,0.002888
0.000253,0.003275
0.000245,0.003169
0.000224,0.002869
0.000240,0.003062
0.000223,0.002882
0.000237,0.003061
0.000230,0.002969
0.000223,0.002877
0.000223,0.002865
0.000231,0.003001
0.000223,0.002879
0.000229,0.002952
0.000223,0.002891
0.000224,0.002887
0.000223,0.002868
0.000222,0.002885
0.000222,0.002889
0.000225,0.002883
0.000223,0.002879
0.000223,0.002881
0.000223,0.002885
0.000223,0.002869
0.000223,0.002882
0.000615,0.007737
0.000565,0.007241
0.000567,0.007251
0.000408,0.005267
0.000387,0.005015
0.000386,0.004997
0.000613,0.007823
0.000408,0.005349
