0.010034,0.424599
0.013277,0.448008
0.004891,0.364305
0.008027,0.401149
0.007699,0.395191
0.013208,0.441624
0.013303,0.450752
0.013346,0.447795
0.013167,0.445173
0.013317,0.447695
0.013278,0.446190
0.013290,0.449133
0.013375,0.452153
0.013168,0.445504
0.013314,0.444311
0.013326,0.444990
0.013217,0.446195
0.013303,0.450024
0.013265,0.442759
0.013274,0.451126
0.004884,0.367754
0.011429,0.435136
0.013229,0.445439
0.013263,0.447118
0.013273,0.444504
0.013306,0.451734
0.007670,0.407425
0.013416,0.447472
0.013195,0.446925
0.013311,0.446654
0.008120,0.400009
0.005624,0.352374
