0.003682,0.094425
0.003443,0.089199
0.003719,0.095659
0.003728,0.094341
0.003716,0.093415
0.002967,0.097257
0.003737,0.092810
0.003719,0.091769
0.003740,0.094209
0.003746,0.095752
0.002214,0.065125
0.003697,0.094575
0.003761,0.092832
0.003698,0.095874
0.003734,0.093642
0.003420,0.094241
0.003773,0.095831
0.002279,0.065164
0.003740,0.093606
0.002215,0.064650
0.003601,0.093479
0.003713,0.094323
0.003725,0.093142
0.003719,0.092831
0.003725,0.095298
0.003746,0.096533
0.003421,0.093638
0.003726,0.094429
0.003458,0.095537
0.003729,0.093524
0.003727,0.093786
0.003728,0.095012
