0.000044,0.000240
0.000080,0.000439
0.000080,0.000436
0.000080,0.000435
0.000073,0.000345
0.000043,0.000241
0.000076,0.000416
0.000062,0.000344
0.000065,0.000371
0.000057,0.000315
0.000063,0.000344
0.000045,0.000250
0.000060,0.000327
0.000045,0.000246
0.000057,0.000317
0.000055,0.000303
0.000045,0.000247
0.000050,0.000273
0.000045,0.000247
0.000053,0.000291
0.000048,0.000263
0.000049,0.000262
0.000048,0.000263
0.000048,0.000265
0.000045,0.000245
0.000051,0.000317
0.000047,0.000255
0.000054,0.000291
0.000050,0.000302
0.000050,0.000273
0.000050,0.000272
0.000044,0.000245
