0.004445,0.115899
0.004406,0.117241
0.002480,0.076061
0.004399,0.115261
0.004401,0.114873
0.004424,0.112751
0.002773,0.075140
0.004382,0.114887
0.004412,0.117460
0.004395,0.115327
0.002527,0.079907
0.004376,0.114977
0.004399,0.117169
0.004398,0.112790
0.004396,0.116545
0.004400,0.112594
0.004272,0.116105
0.004391,0.114012
0.004422,0.116290
0.004407,0.115005
0.004381,0.112280
0.002391,0.074873
0.004386,0.116573
0.004446,0.114326
0.004410,0.114540
0.004388,0.113790
0.004420,0.116372
0.004441,0.113457
0.004411,0.116720
0.004415,0.117706
0.004420,0.115782
0.004398,0.116999
