0.014493,0.845423
0.022372,0.896920
0.022179,0.892526
0.021821,0.895425
0.022044,0.888542
0.022409,0.893348
0.022071,0.890437
0.022166,0.898138
0.022055,0.889310
0.013319,0.836134
0.021799,0.891652
0.022200,0.890401
0.022206,0.897635
0.022184,0.890159
0.022297,0.897422
0.022316,0.893732
0.021992,0.893321
0.022118,0.893130
0.021993,0.892994
0.013843,0.835367
0.021720,0.893511
0.022473,0.894598
0.022219,0.897483
0.021939,0.891843
0.021649,0.893628
0.022435,0.890357
0.022041,0.894759
0.022472,0.894765
0.012710,0.848403
0.022107,0.891741
0.022175,0.891441
0.012169,0.835595
