0.000050,0.000285
0.000083,0.000472
0.000080,0.000450
0.000061,0.000350
0.000050,0.000286
0.000078,0.000449
0.000075,0.000430
0.000050,0.000286
0.000075,0.000434
0.000075,0.000430
0.000061,0.000353
0.000072,0.000411
0.000050,0.000285
0.000056,0.000325
0.000050,0.000286
0.000049,0.000287
0.000068,0.000392
0.000068,0.000393
0.000050,0.000309
0.000050,0.000286
0.000050,0.000286
0.000050,0.000285
0.000049,0.000285
0.000050,0.000285
0.000050,0.000286
0.000050,0.000286
0.000050,0.000287
0.000050,0.000285
0.000050,0.000287
0.000050,0.000285
0.000050,0.000286
0.000050,0.000286
