0.000168,0.002444
0.000156,0.001745
0.000155,0.001720
0.000156,0.001763
0.000176,0.001733
0.000170,0.001738
0.000155,0.001762
0.000155,0.001721
0.000179,0.001736
0.000169,0.001735
0.000246,0.002734
0.000156,0.001746
0.000156,0.001732
0.000160,0.001800
0.000156,0.001734
0.000156,0.001747
0.000156,0.001735
0.000155,0.001745
0.000165,0.001858
0.000156,0.001708
0.000166,0.001846
0.000160,0.001802
0.000158,0.001748
0.000156,0.001748
0.000161,0.001788
0.000157,0.001739
0.000156,0.001738
0.000156,0.001746
0.000156,0.001761
0.000156,0.001760
0.000155,0.001754
0.000200,0.003351
