0.049540,3.729993
0.048944,2.893853
0.048959,3.729293
0.031872,3.685242
0.049372,3.727580
0.050206,3.732439
0.049421,3.712477
0.050113,3.729324
0.049403,3.729305
0.049022,2.872546
0.049805,2.896195
0.050011,3.731687
0.049167,3.743331
0.048833,2.873107
0.050172,3.735149
0.050006,2.897550
0.049093,3.794387
0.049792,3.720166
0.048815,2.875931
0.050114,2.904433
0.048555,2.882792
0.048906,2.876283
0.049670,3.792077
0.049679,2.874718
0.049340,2.876435
0.049964,3.745570
0.050020,3.734824
0.049567,2.901080
0.050434,3.730528
0.049688,3.752646
0.049576,2.883329
0.049263,3.717361
