0.000124,0.001182
0.000128,0.001212
0.000124,0.001174
0.000135,0.001260
0.000124,0.001182
0.000147,0.001181
0.000124,0.001206
0.000124,0.001198
0.000124,0.001172
0.000125,0.001177
0.000125,0.001182
0.000125,0.001173
0.000125,0.001184
0.000125,0.001185
0.000124,0.001195
0.000124,0.001182
0.000124,0.001173
0.000125,0.001178
0.000124,0.001183
0.000139,0.001174
0.000125,0.001203
0.000126,0.001199
0.000125,0.001174
0.000125,0.001174
0.000124,0.001184
0.000129,0.001177
0.000125,0.001174
0.000124,0.001187
0.000124,0.001196
0.000124,0.001182
0.000125,0.001179
0.000125,0.001182
