0.003054,0.169329
0.003032,0.167295
0.004809,0.223672
0.008213,0.249927
0.008231,0.249795
0.008181,0.250263
0.008271,0.244827
0.008248,0.246690
0.008235,0.251951
0.003024,0.168095
0.008233,0.251446
0.008220,0.246713
0.008200,0.246513
0.008176,0.245755
0.008273,0.250622
0.008223,0.244706
0.008217,0.248369
0.008295,0.248007
0.008206,0.248877
0.008242,0.248461
0.008212,0.249992
0.008278,0.243014
0.008286,0.246315
0.008266,0.248416
0.008244,0.251357
0.008252,0.250114
0.008199,0.249615
0.008229,0.247121
0.008211,0.246334
0.008243,0.250491
0.008226,0.247686
0.003023,0.170428
