0.028457,1.248477
0.029085,1.247060
0.028583,1.242425
0.027962,1.239303
0.017914,1.199314
0.029091,1.253359
0.028466,1.251941
0.028350,1.244763
0.028846,1.246125
0.028608,1.259907
0.028393,1.245614
0.028684,1.264595
0.028923,1.251198
0.028355,1.253891
0.028917,1.256121
0.028680,1.258199
0.028231,1.256167
0.015709,1.211025
0.028835,1.247271
0.028784,1.258737
0.028357,1.256387
0.027996,1.245684
0.028534,1.259594
0.028670,1.246009
0.028641,1.252717
0.028346,1.245795
0.027610,1.239161
0.028687,1.254625
0.028434,1.253029
0.028842,1.260509
0.028707,1.249046
0.028075,1.249899
