0.000013,0.000030
0.000013,0.000030
0.000013,0.000031
0.000013,0.000030
0.000012,0.000030
0.000013,0.000030
0.000012,0.000030
0.000013,0.000030
0.000013,0.000030
0.000013,0.000030
0.000013,0.000030
0.000013,0.000051
0.000013,0.000031
0.000013,0.000030
0.000013,0.000030
0.000013,0.000030
0.000013,0.000044
0.000013,0.000030
0.000013,0.000031
0.000013,0.000030
0.000013,0.000030
0.000012,0.000030
0.000013,0.000031
0.000013,0.000030
0.000012,0.000030
0.000012,0.000031
0.000013,0.000030
0.000013,0.000030
0.000013,0.000030
0.000013,0.000030
0.000013,0.000030
0.000012,0.000030
