0.060396,4.143391
0.060823,4.103726
0.040661,4.070729
0.061305,4.132150
0.061390,4.090872
0.060659,4.143674
0.060717,4.110832
0.062468,4.092992
0.061478,4.113320
0.061496,4.104547
0.062628,4.127940
0.060949,4.161415
0.060472,4.088290
0.060839,4.100494
0.060766,4.115300
0.059490,4.119042
0.060806,4.114812
0.061289,5.486995
0.060891,4.132648
0.062113,5.507306
0.060864,4.092171
0.060985,4.116152
0.060925,4.092300
0.061867,5.517366
0.059678,4.088192
0.060602,4.129151
0.060689,4.085027
0.060047,4.088124
0.061265,4.113463
0.063248,5.504202
0.060475,4.114486
0.061134,5.504534
