0.000080,0.000610
0.000081,0.000610
0.000081,0.000613
0.000081,0.000610
0.000081,0.000609
0.000082,0.000610
0.000081,0.000612
0.000081,0.000609
0.000081,0.000628
0.000081,0.000616
0.000081,0.000613
0.000081,0.000633
0.000081,0.000615
0.000081,0.000613
0.000081,0.000610
0.000081,0.000612
0.000081,0.000610
0.000081,0.000616
0.000081,0.000618
0.000082,0.000617
0.000082,0.000609
0.000081,0.000612
0.000081,0.000612
0.000081,0.000612
0.000082,0.000615
0.000083,0.000609
0.000081,0.000609
0.000080,0.000627
0.000081,0.000611
0.000081,0.000610
0.000081,0.000609
0.000082,0.000612
