0.000103,0.000794
0.000092,0.000682
0.000153,0.001121
0.000078,0.000578
0.000092,0.000682
0.000144,0.001080
0.000089,0.000658
0.000078,0.000577
0.000079,0.000579
0.000079,0.000590
0.000085,0.000634
0.000094,0.000659
0.000103,0.000763
0.000078,0.000599
0.000083,0.000617
0.000083,0.000615
0.000080,0.000597
0.000080,0.000596
0.000079,0.000578
0.000083,0.000615
0.000081,0.000597
0.000081,0.000597
0.000079,0.000577
0.000081,0.000598
0.000079,0.000579
0.000079,0.000599
0.000078,0.000578
0.000078,0.000578
0.000103,0.001230
0.000078,0.000578
0.000079,0.000579
0.000079,0.000578
