0.000176,0.001980
0.000160,0.001808
0.000160,0.001799
0.000169,0.001935
0.000160,0.001807
0.000165,0.001873
0.000165,0.001856
0.000160,0.001821
0.000160,0.001820
0.000160,0.001826
0.000160,0.001823
0.000161,0.001829
0.000165,0.001880
0.000160,0.001825
0.000165,0.001845
0.000191,0.004360
0.000160,0.001809
0.000165,0.001865
0.000160,0.002392
0.000264,0.002967
0.000159,0.001803
0.000176,0.001987
0.000188,0.002132
0.000177,0.001961
0.000175,0.001999
0.000189,0.002120
0.000176,0.001985
0.000175,0.002005
0.000202,0.002310
0.000175,0.001956
0.000176,0.001980
0.000194,0.002198
