0.000173,0.001470
0.000208,0.001749
0.000158,0.001343
0.000165,0.001405
0.000157,0.001328
0.000156,0.001330
0.000150,0.001265
0.000150,0.001256
0.000143,0.001204
0.000157,0.001324
0.000143,0.001209
0.000144,0.001214
0.000138,0.001159
0.000139,0.001154
0.000137,0.001155
0.000143,0.001204
0.000127,0.001075
0.000138,0.001155
0.000127,0.001070
0.000129,0.001075
0.000126,0.001066
0.000159,0.001031
0.000126,0.001076
0.000122,0.001044
0.000122,0.001084
0.000127,0.001065
0.000117,0.000993
0.000118,0.000998
0.000117,0.000987
0.000114,0.000959
0.000118,0.000990
0.000129,0.000998
