0.001106,0.027052
0.001019,0.025084
0.000982,0.023979
0.000916,0.022119
0.002212,0.047903
0.002250,0.050481
0.002332,0.050702
0.002222,0.049890
0.002232,0.049511
0.002235,0.049589
0.002262,0.049989
0.001820,0.041369
0.001774,0.050264
0.002089,0.045793
0.001558,0.037244
0.001336,0.031988
0.001154,0.028139
0.001912,0.070601
0.002229,0.049709
0.001841,0.040649
0.001472,0.035336
0.001325,0.031775
0.001203,0.029098
0.001104,0.027495
0.001169,0.050319
0.002207,0.050377
0.002285,0.049715
0.001689,0.037844
0.001902,0.050030
0.002235,0.049284
0.001766,0.039807
0.001419,0.032532
