0.000021,0.000075
0.000022,0.000075
0.000022,0.000075
0.000021,0.000075
0.000022,0.000075
0.000022,0.000075
0.000022,0.000075
0.000022,0.000075
0.000022,0.000074
0.000022,0.000075
0.000022,0.000076
0.000022,0.000075
0.000022,0.000074
0.000032,0.000125
0.000022,0.000075
0.000022,0.000075
0.000022,0.000074
0.000032,0.000124
0.000022,0.000075
0.000032,0.000124
0.000022,0.000075
0.000031,0.000123
0.000022,0.000075
0.000021,0.000075
0.000021,0.000075
0.000032,0.000124
0.000021,0.000075
0.000022,0.000075
0.000022,0.000085
0.000032,0.000124
0.000022,0.000075
0.000021,0.000075
