0.000319,0.003240
0.000266,0.003292
0.000340,0.004202
0.000293,0.003609
0.000339,0.003750
0.000306,0.003575
0.000292,0.003649
0.000278,0.003424
0.000266,0.003232
0.000268,0.003276
0.000256,0.003025
0.000255,0.003151
0.000255,0.003088
0.000256,0.003088
0.000254,0.002988
0.000244,0.002985
0.000245,0.002949
0.000244,0.003028
0.000308,0.005745
0.000254,0.002856
0.000235,0.002886
0.000238,0.002924
0.000255,0.003138
0.000258,0.003092
0.000245,0.002995
0.000357,0.004641
0.000226,0.002782
0.000344,0.004496
0.000228,0.002692
0.000211,0.002581
0.000219,0.002710
0.000211,0.002619
