0.015537,0.569385
0.015917,0.566844
0.015878,0.564815
0.015963,0.568940
0.015962,0.565159
0.005878,0.445602
0.015484,0.566911
0.015781,0.566866
0.015531,0.566184
0.014025,0.566447
0.015935,0.567569
0.015737,0.559781
0.015747,0.566762
0.015835,0.562013
0.015616,0.566665
0.015964,0.567496
0.008261,0.518194
0.015854,0.564876
0.014510,0.565609
0.008740,0.517013
0.015321,0.569683
0.015868,0.566693
0.005857,0.446344
0.004984,0.411801
0.014943,0.568805
0.014799,0.569067
0.008553,0.522527
0.015902,0.566118
0.015896,0.568572
0.015267,0.564847
0.008570,0.519471
0.015967,0.562881
