0.000026,0.000103
0.000028,0.000109
0.000028,0.000111
0.000027,0.000106
0.000026,0.000102
0.000027,0.000102
0.000028,0.000109
0.000026,0.000103
0.000027,0.000103
0.000026,0.000103
0.000027,0.000102
0.000026,0.000102
0.000026,0.000106
0.000026,0.000104
0.000027,0.000107
0.000027,0.000120
0.000027,0.000102
0.000026,0.000103
0.000026,0.000103
0.000026,0.000103
0.000026,0.000103
0.000027,0.000102
0.000026,0.000102
0.000026,0.000104
0.000026,0.000103
0.000026,0.000103
0.000026,0.000103
0.000026,0.000102
0.000026,0.000103
0.000026,0.000104
0.000026,0.000104
0.000026,0.000103
