0.014266,0.653087
0.017941,0.667000
0.008920,0.630591
0.017616,0.677867
0.017736,0.664407
0.017878,0.673837
0.017767,0.670407
0.017951,0.669924
0.017881,0.667328
0.017962,0.671856
0.018060,0.665719
0.018254,0.667134
0.010969,0.623324
0.017592,0.667811
0.006644,0.516571
0.016926,0.662317
0.018073,0.669182
0.018106,0.667510
0.017879,0.665999
0.006654,0.515163
0.010471,0.626795
0.017717,0.666486
0.018066,0.670995
0.020406,0.665347
0.017725,0.674137
0.017956,0.665218
0.017934,0.672732
0.017752,0.668878
0.017803,0.675065
0.017806,0.661792
0.017704,0.669689
0.019361,1.486445
