0.007905,0.234711
0.007767,0.234339
0.007770,0.234997
0.007767,0.238020
0.007782,0.233398
0.007724,0.232082
0.007747,0.230833
0.007730,0.233881
0.007713,0.236263
0.006192,0.231284
0.007729,0.233860
0.002945,0.153843
0.007760,0.234938
0.007781,0.231665
0.007743,0.234076
0.007713,0.233072
0.007780,0.233815
0.007769,0.233641
0.007810,0.232996
0.007746,0.233560
0.007833,0.232901
0.007745,0.233684
0.007741,0.233527
0.007816,0.234119
0.007741,0.233319
0.007793,0.233026
0.007754,0.234754
0.007751,0.232415
0.007754,0.237949
0.003032,0.155014
0.007715,0.238579
0.007793,0.252508
