0.000024,0.000093
0.000025,0.000093
0.000025,0.000093
0.000025,0.000093
0.000025,0.000093
0.000024,0.000093
0.000024,0.000093
0.000024,0.000093
0.000024,0.000093
0.000025,0.000093
0.000029,0.000122
0.000026,0.000096
0.000036,0.000099
0.000025,0.000097
0.000026,0.000099
0.000025,0.000092
0.000024,0.000093
0.000037,0.000154
0.000025,0.000092
0.000027,0.000099
0.000024,0.000093
0.000024,0.000093
0.000025,0.000093
0.000025,0.000093
0.000025,0.000093
0.000025,0.000093
0.000024,0.000093
0.000026,0.000099
0.000028,0.000102
0.000027,0.000099
0.000024,0.000101
0.000026,0.000099
