0.040619,2.079385
0.041967,2.436651
0.041412,2.459466
0.040683,2.070248
0.040170,2.451325
0.041527,2.459465
0.013997,2.284263
0.040679,2.070292
0.040657,2.432539
0.040371,2.422524
0.041744,2.449923
0.040613,2.461280
0.042056,2.445147
0.041580,2.436422
0.040890,2.425529
0.041897,2.445880
0.041108,2.443551
0.025741,2.419657
0.041704,2.435938
0.041597,2.453389
0.040832,2.064103
0.041116,2.091555
0.041100,2.461191
0.041467,2.445215
0.026948,2.372833
0.041215,2.441734
0.041662,2.512335
0.041084,2.426074
0.040713,2.068716
0.041674,2.462313
0.041275,2.422895
0.041257,2.447799
