0.000303,0.004039
0.000303,0.004039
0.000427,0.006251
0.000291,0.003772
0.000282,0.003773
0.000281,0.003769
0.000271,0.003626
0.000281,0.003778
0.000271,0.003644
0.000272,0.003645
0.000271,0.003601
0.000271,0.003647
0.000262,0.003473
0.000263,0.003500
0.000254,0.003391
0.000239,0.003173
0.000263,0.003546
0.000659,0.007718
0.000527,0.006957
0.000349,0.004065
0.000418,0.005514
0.000358,0.004791
0.000374,0.005026
0.000375,0.005020
0.000342,0.004609
0.000317,0.004186
0.000370,0.004567
0.000302,0.004064
0.000314,0.004230
0.000291,0.003918
0.000339,0.004054
0.000303,0.004059
