0.000035,0.000165
0.000035,0.000174
0.000035,0.000165
0.000036,0.000164
0.000035,0.000164
0.000036,0.000169
0.000035,0.000164
0.000036,0.000165
0.000037,0.000170
0.000035,0.000164
0.000036,0.000178
0.000035,0.000164
0.000037,0.000170
0.000036,0.000165
0.000037,0.000170
0.000035,0.000186
0.000035,0.000164
0.000036,0.000170
0.000036,0.000165
0.000035,0.000165
0.000035,0.000164
0.000035,0.000165
0.000035,0.000166
0.000035,0.000164
0.000035,0.000165
0.000035,0.000165
0.000035,0.000166
0.000036,0.000164
0.000035,0.000164
0.000035,0.000166
0.000035,0.000165
0.000035,0.000165
