0.000008,0.000016
0.000009,0.000016
0.000009,0.000015
0.000009,0.000015
0.000008,0.000015
0.000009,0.000016
0.000009,0.000015
0.000009,0.000015
0.000009,0.000015
0.000009,0.000016
0.000009,0.000016
0.000009,0.000015
0.000009,0.000016
0.000009,0.000016
0.000009,0.000016
0.000009,0.000016
0.000009,0.000016
0.000009,0.000015
0.000009,0.000015
0.000009,0.000016
0.000009,0.000015
0.000009,0.000015
0.000008,0.000015
0.000009,0.000015
0.000009,0.000015
0.000009,0.000016
0.000009,0.000015
0.000009,0.000015
0.000009,0.000016
0.000008,0.000017
0.000008,0.000015
0.000009,0.000015
