0.000141,0.002649
0.000120,0.001123
0.000121,0.001121
0.000121,0.001136
0.000120,0.001134
0.000121,0.001122
0.000121,0.001119
0.000121,0.001122
0.000120,0.001121
0.000136,0.001123
0.000129,0.001229
0.000122,0.001154
0.000121,0.001123
0.000122,0.001120
0.000121,0.001122
0.000121,0.001122
0.000121,0.001144
0.000125,0.001136
0.000121,0.001121
0.000121,0.001121
0.000123,0.001122
0.000121,0.001119
0.000121,0.001122
0.000121,0.001138
0.000121,0.001145
0.000121,0.001220
0.000123,0.001123
0.000122,0.001122
0.000121,0.001123
0.000133,0.001123
0.000121,0.001133
0.000123,0.001122
