0.000121,0.001055
0.000113,0.000990
0.000107,0.000926
0.000109,0.000956
0.000114,0.001022
0.000114,0.000959
0.000106,0.000930
0.000113,0.000991
0.000117,0.001023
0.000106,0.000930
0.000114,0.000994
0.000117,0.001071
0.000110,0.000955
0.000117,0.001023
0.000109,0.000964
0.000110,0.000955
0.000109,0.000979
0.000109,0.000990
0.000107,0.000925
0.000109,0.000956
0.000106,0.000926
0.000109,0.000960
0.000109,0.000998
0.000110,0.001002
0.000121,0.001065
0.000126,0.000954
0.000106,0.000927
0.000106,0.000936
0.000121,0.001059
0.000106,0.000935
0.000106,0.000954
0.000121,0.001586
