0.056724,4.573613
0.056201,3.388385
0.019581,3.231491
0.056686,3.396349
0.055748,3.378065
0.056644,3.412912
0.055643,4.556106
0.036625,3.342631
0.055658,3.386989
0.055381,4.578076
0.055087,4.569132
0.054883,4.578548
0.019917,3.221843
0.055259,4.562032
0.054297,3.374039
0.054383,4.562535
0.033962,4.530236
0.056757,4.580609
0.055729,3.394370
0.055468,3.372104
0.055292,4.572254
0.033894,3.315189
0.036370,4.531957
0.055797,4.575615
0.057810,3.397862
0.056112,3.406468
0.056847,4.583479
0.056782,3.381728
0.056305,3.375268
0.056387,4.581180
0.056109,3.389523
0.056459,3.383475
