0.000161,0.001566
0.000161,0.001573
0.000162,0.001569
0.000182,0.001786
0.000174,0.001732
0.000168,0.001609
0.000170,0.001514
0.000172,0.001569
0.000168,0.001631
0.000156,0.001512
0.000156,0.001513
0.000155,0.001513
0.000189,0.001843
0.000230,0.002255
0.000156,0.001513
0.000219,0.002116
0.000156,0.001513
0.000156,0.001511
0.000156,0.001531
0.000168,0.001887
0.000168,0.001669
0.000213,0.001928
0.000198,0.001927
0.000199,0.001924
0.000168,0.001665
0.000190,0.001865
0.000162,0.001604
0.000174,0.001594
0.000167,0.001630
0.000175,0.001729
0.000175,0.001693
0.000162,0.001568
