0.000040,0.000236
0.000039,0.000204
0.000040,0.000210
0.000041,0.000210
0.000040,0.000204
0.000040,0.000217
0.000041,0.000210
0.000041,0.000210
0.000039,0.000205
0.000040,0.000205
0.000059,0.000334
0.000040,0.000204
0.000039,0.000204
0.000040,0.000204
0.000039,0.000204
0.000040,0.000203
0.000039,0.000204
0.000040,0.000204
0.000040,0.000203
0.000039,0.000204
0.000040,0.000204
0.000039,0.000204
0.000059,0.000334
0.000059,0.000334
0.000059,0.000334
0.000059,0.000333
0.000039,0.000226
0.000039,0.000203
0.000040,0.000224
0.000058,0.000337
0.000040,0.000204
0.000040,0.000203
