0.000306,0.004384
0.000284,0.004126
0.000283,0.004206
0.000756,0.011082
0.000303,0.004468
0.000413,0.009117
0.000283,0.006959
0.000394,0.005728
0.000504,0.007511
0.000363,0.005387
0.000534,0.007994
0.000504,0.007474
0.000535,0.008193
0.000505,0.007475
0.000470,0.006764
0.000772,0.010996
0.000756,0.009959
0.000700,0.009773
0.000761,0.011234
0.000698,0.010445
0.000650,0.009236
0.000605,0.008737
0.000567,0.008427
0.000535,0.007987
0.000504,0.007456
0.000536,0.007927
0.000756,0.011117
0.000456,0.006735
0.000683,0.009598
0.000605,0.008859
0.000565,0.008256
0.000533,0.007859
