0.023082,1.732344
0.035757,1.763375
0.035244,1.775939
0.036468,1.778389
0.021079,1.705224
0.035417,1.771827
0.035424,1.758182
0.035997,1.772818
0.035875,1.765027
0.021399,1.698261
0.034974,1.767611
0.035749,1.760732
0.021869,1.716864
0.035481,1.758658
0.035345,1.764952
0.035586,1.772968
0.035687,1.762342
0.036037,1.777211
0.036006,1.777660
0.035830,1.765936
0.036296,1.778262
0.035434,1.783661
0.035841,1.770939
0.035828,1.766768
0.036005,1.777766
0.035559,1.765408
0.011860,1.592885
0.036077,1.787840
0.035750,1.777502
0.035058,1.756020
0.034932,1.755459
0.036212,1.767628
