0.019995,0.753518
0.019743,0.750996
0.019726,0.753720
0.019952,0.756115
0.019924,0.751782
0.006684,0.580173
0.011051,0.696151
0.019931,0.750103
0.016357,0.734182
0.019737,0.746492
0.019910,0.748102
0.020273,0.752225
0.006681,0.577604
0.019867,0.748002
0.021036,0.751501
0.019612,0.754920
0.019999,0.755357
0.017287,0.741363
0.019931,0.750186
0.019881,0.748954
0.019879,0.750583
0.019888,0.748805
0.019709,0.746568
0.010914,0.680006
0.019636,0.748029
0.019637,0.752104
0.017653,0.739251
0.019943,0.752276
0.019831,0.747110
0.020307,0.751554
0.020067,0.749155
0.012315,0.695007
