0.000062,0.000401
0.000062,0.000416
0.000062,0.000405
0.000062,0.000404
0.000062,0.000440
0.000062,0.000403
0.000062,0.000403
0.000062,0.000403
0.000062,0.000403
0.000062,0.000404
0.000062,0.000405
0.000062,0.000404
0.000062,0.000403
0.000062,0.000402
0.000062,0.000405
0.000062,0.000401
0.000061,0.000439
0.000062,0.000405
0.000062,0.000405
0.000062,0.000404
0.000062,0.000404
0.000062,0.000404
0.000062,0.000403
0.000062,0.000402
0.000062,0.000401
0.000062,0.000403
0.000062,0.000403
0.000062,0.000405
0.000062,0.000427
0.000062,0.000401
0.000062,0.000405
0.000062,0.000401
