0.000053,0.000307
0.000051,0.000308
0.000052,0.000307
0.000054,0.000319
0.000052,0.000308
0.000052,0.000310
0.000053,0.000327
0.000052,0.000307
0.000052,0.000310
0.000052,0.000309
0.000052,0.000309
0.000052,0.000313
0.000052,0.000309
0.000052,0.000309
0.000052,0.000310
0.000052,0.000328
0.000053,0.000307
0.000069,0.000307
0.000053,0.000307
0.000052,0.000310
0.000052,0.000308
0.000052,0.000307
0.000053,0.000319
0.000052,0.000307
0.000070,0.000339
0.000052,0.000308
0.000052,0.000309
0.000053,0.000319
0.000052,0.000309
0.000052,0.000310
0.000054,0.000317
0.000052,0.000324
