0.038284,2.057675
0.038563,2.070029
0.038478,2.079690
0.037365,2.054716
0.039087,2.075130
0.038590,2.066273
0.038589,2.069862
0.038440,2.066644
0.038839,2.067153
0.038518,2.054970
0.038588,2.092463
0.038934,2.061647
0.038100,2.076495
0.038723,2.057050
0.038779,2.077390
0.038566,2.056054
0.038090,2.071116
0.038668,2.068800
0.038456,2.090161
0.039303,2.081359
0.038576,2.080060
0.038537,2.063603
0.038637,2.294350
0.036006,2.055901
0.038961,2.072856
0.038368,2.069938
0.039022,2.069686
0.038956,2.097070
0.038277,2.058420
0.038859,2.087382
0.038144,2.058750
0.038037,2.073464
