0.043857,2.725182
0.043761,2.756342
0.043332,2.254526
0.042734,2.251618
0.043582,2.718473
0.043708,2.740516
0.043265,2.739451
0.042596,2.722268
0.042989,2.265034
0.043041,2.724897
0.043754,2.746646
0.042481,2.713132
0.043183,2.252534
0.042833,2.731836
0.041232,2.244476
0.042173,2.723392
0.044320,2.758311
0.049345,2.748792
0.043169,2.748549
0.044026,2.738890
0.027775,2.694104
0.043698,2.729857
0.043289,2.760711
0.042354,2.709628
0.043452,2.741632
0.043502,2.240464
0.048576,2.742173
0.045637,2.765271
0.044435,2.730147
0.042764,2.733151
0.042943,2.719063
0.043338,2.739800
