0.000171,0.001720
0.000170,0.001720
0.000164,0.001661
0.000169,0.001723
0.000164,0.001665
0.000159,0.001621
0.000164,0.001676
0.000159,0.001646
0.000184,0.003159
0.000158,0.001607
0.000159,0.001608
0.000158,0.001607
0.000158,0.001609
0.000158,0.001602
0.000157,0.001607
0.000165,0.001662
0.000153,0.001554
0.000159,0.001606
0.000159,0.001600
0.000158,0.001606
0.000159,0.001612
0.000154,0.001554
0.000153,0.001553
0.000158,0.001609
0.000153,0.001555
0.000158,0.001607
0.000163,0.001664
0.000339,0.003430
0.000342,0.003409
0.000159,0.001686
0.000215,0.002185
0.000183,0.001853
