0.006886,0.198229
0.006817,0.203368
0.006633,0.201282
0.006823,0.202379
0.006793,0.198571
0.006890,0.198995
0.006837,0.199120
0.006847,0.198897
0.006864,0.206156
0.006832,0.199652
0.006817,0.203054
0.006826,0.205057
0.006851,0.199899
0.006706,0.201586
0.006687,0.202692
0.006803,0.199260
0.006837,0.202255
0.006816,0.200321
0.006884,0.199158
0.006840,0.198578
0.006837,0.199699
0.002862,0.127290
0.006813,0.200746
0.003794,0.149088
0.005912,0.204001
0.006838,0.202928
0.006784,0.205799
0.006821,0.198021
0.006833,0.197969
0.006860,0.200303
0.006480,0.205675
0.006822,0.196984
