0.037225,1.947300
0.037755,1.947885
0.021329,1.893383
0.037243,1.941501
0.037156,1.942691
0.038220,1.936014
0.012553,1.785031
0.037482,1.924489
0.037529,1.946271
0.037437,1.925947
0.038830,1.942821
0.038162,1.927815
0.036610,1.938166
0.037638,1.945971
0.036702,1.931083
0.037892,1.942457
0.037197,1.804377
0.037504,1.931432
0.037771,1.962651
0.038654,1.936469
0.037911,1.933578
0.037797,1.940763
0.038123,1.931534
0.037336,1.948963
0.037511,1.927957
0.037856,1.942144
0.037666,1.954526
0.037762,1.930032
0.037991,1.934405
0.037609,1.928793
0.036653,1.922802
0.038131,1.936897
