0.005917,0.167768
0.005972,0.169904
0.005993,0.168102
0.005992,0.168378
0.005898,0.172615
0.005992,0.164324
0.005978,0.167955
0.005806,0.168200
0.002758,0.106756
0.006038,0.166875
0.005962,0.166553
0.005972,0.168803
0.005196,0.168070
0.005978,0.168113
0.005977,0.166075
0.005990,0.167730
0.002184,0.096947
0.005935,0.167056
0.005963,0.170436
0.004790,0.154397
0.005971,0.169134
0.006025,0.166579
0.005999,0.168031
0.005238,0.170427
0.005969,0.171270
0.006203,0.168483
0.005970,0.164359
0.005968,0.166198
0.005983,0.169024
0.006046,0.170429
0.005650,0.168622
0.005983,0.168419
