0.000118,0.001074
0.000117,0.001068
0.000122,0.001139
0.000118,0.001085
0.000117,0.001068
0.000117,0.001072
0.000117,0.001072
0.000119,0.001070
0.000118,0.001083
0.000118,0.001091
0.000118,0.001070
0.000117,0.001074
0.000117,0.001074
0.000117,0.001071
0.000117,0.001081
0.000118,0.001086
0.000119,0.001068
0.000118,0.001071
0.000122,0.001106
0.000117,0.001073
0.000118,0.001094
0.000118,0.001085
0.000117,0.001069
0.000117,0.001068
0.000122,0.001104
0.000117,0.001068
0.000117,0.001087
0.000117,0.001087
0.000117,0.001070
0.000122,0.001108
0.000122,0.001103
0.000118,0.001070
