0.024807,1.075709
0.025297,1.063728
0.024845,1.079193
0.015676,1.015562
0.025623,1.069108
0.025242,1.077470
0.025205,1.065142
0.023589,1.071142
0.025555,1.068567
0.025316,1.077885
0.015667,1.012783
0.025090,1.076078
0.024900,1.069884
0.025142,1.070785
0.025163,1.071323
0.025170,1.185049
0.025391,1.072150
0.025674,1.079595
0.025610,1.069647
0.025397,1.069783
0.024754,1.064882
0.025461,1.072833
0.025354,1.080429
0.025410,1.072198
0.025339,1.077251
0.025591,1.070824
0.024796,1.065217
0.025403,1.078084
0.025274,1.062380
0.025514,1.076939
0.024857,1.075416
0.025730,1.067361
