0.007282,0.215311
0.007290,0.219885
0.007287,0.218324
0.007320,0.215954
0.007240,0.217200
0.007304,0.217532
0.007287,0.218926
0.007280,0.220401
0.002682,0.138211
0.004329,0.186491
0.007296,0.216769
0.007275,0.217342
0.007316,0.218047
0.007314,0.216187
0.007277,0.215721
0.007319,0.215880
0.007227,0.219548
0.007122,0.218350
0.007245,0.216992
0.002830,0.141227
0.007317,0.220536
0.004652,0.184741
0.007295,0.215851
0.007316,0.216016
0.007307,0.218443
0.007331,0.215720
0.006896,0.214698
0.007295,0.215810
0.007288,0.214314
0.007367,0.219869
0.007267,0.215530
0.007284,0.217120
