0.001569,0.042907
0.001810,0.038933
0.001611,0.034716
0.001464,0.031775
0.001258,0.027481
0.001137,0.026065
0.000841,0.019632
0.000785,0.018601
0.000784,0.017903
0.000753,0.017071
0.000724,0.016964
0.001560,0.043073
0.001978,0.041880
0.001967,0.043051
0.001988,0.042015
0.002007,0.041334
0.002006,0.042952
0.001962,0.042378
0.002037,0.042391
0.001568,0.035317
0.001433,0.030539
0.001314,0.030191
0.001026,0.023979
0.001581,0.042507
0.001580,0.035551
0.001363,0.042997
0.001644,0.042818
0.001816,0.040086
0.001602,0.033911
0.001391,0.045051
0.001176,0.026166
0.001069,0.024209
