0.036812,1.756310
0.037262,1.767979
0.037047,1.751529
0.012182,1.589294
0.036706,1.752095
0.036847,1.750088
0.036447,1.749003
0.036448,1.748341
0.036848,1.753293
0.036456,1.749472
0.036122,1.748898
0.036396,1.763750
0.036363,1.762530
0.037000,1.764581
0.036373,1.751485
0.036387,1.751185
0.035976,1.751843
0.036703,1.752073
0.036535,1.751930
0.036363,1.750245
0.036396,1.760043
0.036658,1.754456
0.036361,1.746177
0.036514,1.758621
0.036823,1.754738
0.036831,1.758527
0.023370,1.714314
0.036857,1.758822
0.036698,1.750037
0.036616,1.748949
0.037243,1.753424
0.036726,1.754687
