0.000114,0.001024
0.000114,0.001021
0.000114,0.001037
0.000115,0.001020
0.000114,0.001022
0.000119,0.001056
0.000179,0.001611
0.000122,0.001095
0.000117,0.001053
0.000115,0.001022
0.000114,0.001035
0.000113,0.001021
0.000115,0.001019
0.000117,0.001052
0.000115,0.001022
0.000115,0.001022
0.000122,0.001106
0.000114,0.001041
0.000114,0.001023
0.000114,0.001023
0.000114,0.001023
0.000114,0.001020
0.000114,0.001037
0.000114,0.001038
0.000115,0.001023
0.000118,0.001022
0.000118,0.001058
0.000114,0.001023
0.000114,0.001038
0.000114,0.001038
0.000114,0.001022
0.000114,0.001024
