0.014670,0.483035
0.014515,0.489744
0.008441,0.438520
0.014584,0.489003
0.014346,0.488303
0.014378,0.484176
0.014644,0.486322
0.014590,0.485567
0.014464,0.479690
0.014597,0.486263
0.014296,0.481469
0.014575,0.485126
0.016793,0.485152
0.014433,0.483659
0.014698,0.483739
0.014513,0.483854
0.009294,0.445112
0.014590,0.488385
0.014341,0.485563
0.007589,0.434752
0.014659,0.483374
0.014553,0.485645
0.014572,0.484880
0.014456,0.483990
0.009319,0.442364
0.014624,0.483749
0.014416,0.483967
0.014683,0.484341
0.014617,0.483247
0.014644,0.484920
0.013752,0.484449
0.014676,0.486309
