0.000091,0.000727
0.000090,0.000720
0.000090,0.000719
0.000090,0.000734
0.000091,0.000722
0.000090,0.000723
0.000090,0.000718
0.000090,0.000720
0.000091,0.000720
0.000090,0.000721
0.000091,0.000717
0.000091,0.000723
0.000091,0.000720
0.000090,0.000719
0.000104,0.000719
0.000091,0.000720
0.000090,0.000720
0.000090,0.000735
0.000090,0.001063
0.000091,0.000721
0.000176,0.001399
0.000091,0.000736
0.000090,0.000722
0.000090,0.000720
0.000158,0.001253
0.000090,0.000738
0.000090,0.000719
0.000091,0.000723
0.000178,0.001190
0.000090,0.000737
0.000090,0.000721
0.000090,0.000719
