0.023779,0.984679
0.007655,0.806565
0.023590,0.975332
0.023748,0.981086
0.023579,0.972670
0.007794,0.807524
0.014490,0.926213
0.023884,0.975857
0.023894,0.982690
0.009889,0.818642
0.023725,0.981167
0.023475,0.975029
0.023591,0.975871
0.023593,0.982165
0.023611,0.976924
0.023448,0.970496
0.023508,0.984187
0.023979,0.974320
0.023819,0.976873
0.007649,0.805014
0.023511,0.975249
0.023792,0.975630
0.024037,0.977302
0.007719,0.806027
0.007734,0.806057
0.013170,0.920499
0.023859,0.979912
0.023552,0.980910
0.023573,0.979745
0.011722,0.906413
0.023695,0.977376
0.024089,0.985131
