0.000352,0.010105
0.000417,0.006820
0.000421,0.006822
0.000387,0.006361
0.000402,0.006581
0.000416,0.006809
0.000387,0.006361
0.000416,0.006859
0.000939,0.014734
0.000630,0.010014
0.000470,0.007722
0.000448,0.007369
0.000449,0.007314
0.000558,0.008374
0.000467,0.007428
0.000490,0.007726
0.000433,0.006939
0.000927,0.015155
0.000869,0.013364
0.000659,0.010854
0.000625,0.010141
0.000675,0.009862
0.000592,0.009562
0.000563,0.008997
0.000564,0.008540
0.000511,0.008353
0.000936,0.015259
0.000937,0.015110
0.000703,0.011594
0.000662,0.010830
0.000712,0.010610
0.000516,0.014578
