0.000022,0.000067
0.000025,0.000074
0.000018,0.000053
0.000032,0.000096
0.000018,0.000052
0.000028,0.000079
0.000027,0.000079
0.000020,0.000058
0.000019,0.000054
0.000030,0.000065
0.000028,0.000082
0.000026,0.000075
0.000020,0.000057
0.000024,0.000073
0.000020,0.000057
0.000018,0.000054
0.000023,0.000069
0.000024,0.000072
0.000023,0.000069
0.000019,0.000056
0.000019,0.000054
0.000019,0.000057
0.000023,0.000069
0.000023,0.000066
0.000023,0.000066
0.000022,0.000064
0.000019,0.000058
0.000019,0.000055
0.000020,0.000063
0.000023,0.000097
0.000018,0.000054
0.000021,0.000066
