0.043887,3.053973
0.044416,3.033616
0.044649,3.039696
0.044005,2.398040
0.044712,3.047086
0.044962,3.069981
0.044504,3.033389
0.043704,3.035114
0.044507,3.032638
0.045616,3.046864
0.044590,3.074870
0.015276,2.894189
0.044642,3.042812
0.044908,2.411530
0.045345,3.070872
0.044721,3.063499
0.015261,2.893144
0.044544,3.084683
0.043620,2.434042
0.045236,3.075204
0.045717,3.052771
0.015432,2.904161
0.044967,2.402216
0.045391,3.062458
0.045955,3.050366
0.045830,3.054793
0.044358,2.418521
0.045092,3.400494
0.046062,3.110377
0.045577,3.035241
0.047887,3.080951
0.045306,3.039889
