0.022718,0.896522
0.022869,0.899062
0.010098,0.827816
0.021531,0.908744
0.022973,0.904247
0.023082,0.897617
0.014337,0.853607
0.022886,0.899970
0.022831,0.898009
0.023274,0.902774
0.023594,0.905091
0.022757,0.900273
0.023095,0.905216
0.012434,0.825911
0.022869,0.898195
0.019372,0.905508
0.007379,0.725423
0.022838,0.904949
0.023144,0.898145
0.022962,0.901407
0.022711,0.904365
0.022990,0.905916
0.023034,0.901222
0.022832,0.899483
0.022735,0.898673
0.022849,0.903697
0.007378,0.725815
0.023144,0.907421
0.022855,0.901344
0.022816,0.898733
0.023029,0.901525
0.026565,0.900286
