0.002344,0.060654
0.002585,0.074900
0.002808,0.074239
0.003063,0.074872
0.003097,0.073023
0.003088,0.078541
0.003082,0.070960
0.003123,0.073080
0.003068,0.074184
0.003113,0.080414
0.003100,0.074213
0.003079,0.073011
0.003079,0.075547
0.003068,0.076030
0.002037,0.053762
0.001750,0.047209
0.002416,0.075714
0.003086,0.074629
0.003055,0.075884
0.004732,0.076677
0.003095,0.072802
0.003094,0.073909
0.003098,0.074947
0.002896,0.075072
0.003091,0.074601
0.002064,0.052960
0.003089,0.073232
0.002034,0.052433
0.003248,0.074450
0.001719,0.073646
0.003083,0.074486
0.003088,0.081352
