0.020406,0.798890
0.020375,0.809644
0.012734,0.741981
0.020751,0.796651
0.006633,0.626462
0.006625,0.626254
0.020149,0.804667
0.020769,0.799412
0.011818,0.744076
0.020823,0.798243
0.020739,0.801324
0.023829,0.801812
0.020997,0.800640
0.020854,0.801247
0.020947,0.805711
0.020698,0.800828
0.020595,0.801030
0.006593,0.628793
0.020812,0.799143
0.020734,0.800630
0.020968,0.886586
0.011785,0.752438
0.020659,0.803588
0.020678,0.798679
0.012218,0.742877
0.020696,0.804610
0.012751,0.740537
0.006621,0.629631
0.006588,0.625551
0.012245,0.743519
0.011699,0.749894
0.020714,0.801558
