0.051002,2.008691
0.068678,1.993384
0.061853,1.968455
0.069249,2.027035
0.048313,1.922511
0.059372,1.975522
0.067466,2.007863
0.064137,2.033735
0.065891,2.078791
0.066214,1.998249
0.069504,2.049786
0.050588,1.977371
0.035117,1.854955
0.061220,1.955487
0.052181,2.004811
0.063580,1.986208
0.064306,2.006283
0.065955,1.987402
0.066022,2.010796
0.068160,2.115556
0.048162,1.968024
0.061427,1.982826
0.050511,1.964662
0.061466,1.995533
0.067545,2.004867
0.062490,1.997534
0.062756,1.962754
0.058950,2.012911
0.063840,2.010362
0.066964,1.969984
0.062628,2.002371
0.069694,2.016429
