0.048087,0.533565
0.045755,0.520641
0.045811,0.521172
0.045634,0.524890
0.028903,0.507932
0.045061,0.511943
0.027831,0.487567
0.047356,0.536187
0.046345,0.515776
0.046303,0.525808
0.026347,0.485006
0.046159,0.516111
0.047497,0.524512
0.038174,0.516492
0.044424,0.523838
0.035114,0.504202
0.045109,0.511624
0.044897,0.523211
0.026537,0.491768
0.048013,0.526236
0.047487,0.526087
0.026766,0.492124
0.046027,0.529700
0.028050,0.483376
0.047388,0.527232
0.044972,0.509413
0.026671,0.489613
0.041611,0.528597
0.046045,0.525473
0.045889,0.521494
0.036748,0.510778
0.052448,0.536484
