0.051518,1.770262
0.060411,1.862973
0.052542,1.781160
0.047295,1.813651
0.070465,1.787772
0.050507,1.781707
0.058699,1.793789
0.064203,1.865553
0.065285,1.825890
0.057110,1.856735
0.062869,1.811949
0.062419,1.783303
0.055185,1.791859
0.066188,1.801105
0.046621,1.791636
0.066400,1.868182
0.063012,1.866726
0.060165,1.805981
0.035011,1.732098
0.065911,1.837829
0.063580,1.786236
0.064610,1.852258
0.058293,1.788540
0.068394,1.823659
0.052135,1.833562
0.062726,1.796689
0.061413,1.840679
0.060605,1.810579
0.066464,1.799895
0.064969,1.772065
0.058319,1.793321
0.059715,1.777965
