0.067196,2.607165
0.069253,2.669681
0.060240,2.622731
0.041763,2.491351
0.073389,2.611967
0.061375,2.593296
0.069060,2.588568
0.071924,2.706343
0.076444,2.694136
0.068510,2.621161
0.073406,2.643292
0.064927,2.621146
0.067382,2.619977
0.061656,2.635031
0.068237,2.590984
0.074050,2.663911
0.068407,2.657571
0.077039,2.638009
0.058814,2.649479
0.039095,2.553150
0.044689,2.573797
0.073033,2.640218
0.076213,2.615006
0.055788,2.609491
0.077652,2.655516
0.074499,2.656558
0.068748,2.665890
0.071328,2.638030
0.057238,2.615420
0.071451,2.642408
0.066626,2.650238
0.056699,2.656784
