0.065775,1.394980
0.058925,1.379109
0.030489,1.216777
0.054680,1.380187
0.046419,1.355400
0.055196,1.335822
0.059669,1.354448
0.055945,1.364501
0.058244,1.346289
0.040329,1.363662
0.055313,1.374356
0.055826,1.317216
0.060738,1.377716
0.058439,1.372275
0.057560,1.353337
0.055649,1.341201
0.042562,1.361721
0.063161,1.358301
0.030963,1.220611
0.032439,1.257722
0.062362,1.352451
0.054093,1.344987
0.054949,1.324519
0.064511,1.421756
0.044253,1.343297
0.056103,1.353473
0.054547,1.362086
0.055518,1.420416
0.055378,1.351799
0.047457,1.342773
0.058413,1.369441
0.045807,1.331805
