0.082759,3.213693
0.084057,3.090155
0.056074,3.118692
0.078290,3.121180
0.073548,3.164812
0.045061,2.988941
0.060718,3.114081
0.074100,3.087872
0.072883,3.077983
0.059960,3.051930
0.080067,3.092997
0.081508,3.164199
0.058450,2.990840
0.079971,3.127658
0.055985,3.009950
0.062373,3.118706
0.041936,2.976848
0.073309,3.065459
0.060258,3.109708
0.079042,3.137555
0.074779,3.101131
0.079072,3.191716
0.087261,3.169894
0.072989,3.016003
0.073136,3.136638
0.070836,3.049067
0.074722,3.133549
0.059385,3.070365
0.093674,3.198668
0.085267,3.157714
0.074130,3.312889
0.083929,3.035584
