0.061979,2.045778
0.063113,2.084323
0.062614,1.990630
0.063805,2.038386
0.045851,2.006096
0.061987,2.055248
0.063430,2.034738
0.058364,2.033244
0.062809,2.088781
0.056382,2.045220
0.043254,2.043285
0.067175,2.076080
0.060910,2.090615
0.044773,2.023397
0.034900,1.896231
0.052097,1.986864
0.059352,2.054568
0.061071,2.046128
0.062038,2.044548
0.063461,2.049781
0.069145,2.065206
0.055732,2.166467
0.075109,2.092129
0.065184,2.061103
0.069482,2.081465
0.062195,2.039256
0.067076,2.052587
0.059396,2.060354
0.065880,2.025032
0.061416,2.045252
0.063302,2.099486
0.064407,2.159576
