0.027701,0.771110
0.050816,0.882297
0.027966,0.751025
0.049903,0.850594
0.050654,0.883580
0.045986,0.877106
0.054998,0.901525
0.053122,0.888412
0.039527,0.851200
0.047394,0.867019
0.037957,0.857708
0.040743,0.858790
0.027392,0.741782
0.052780,0.891365
0.052386,0.881524
0.045582,0.835884
0.048586,0.896849
0.048272,0.868912
0.053315,0.903185
0.048516,0.890224
0.027776,0.769388
0.046030,0.877286
0.029343,0.765284
0.049920,0.900802
0.041289,0.910235
0.040544,0.852192
0.047666,0.884865
0.049504,0.871066
0.038340,0.866960
0.031031,0.759075
0.051390,0.872455
0.056200,0.888904
