0.041407,0.242185
0.044633,0.242391
0.033625,0.235101
0.046421,0.251961
0.029838,0.230128
0.024895,0.222900
0.029415,0.234776
0.036342,0.240345
0.037981,0.240788
0.024732,0.232930
0.045831,0.244866
0.052003,0.276480
0.030186,0.236891
0.024901,0.226976
0.034933,0.243592
0.044645,0.246307
0.035129,0.234430
0.043711,0.246079
0.044235,0.249998
0.043670,0.248407
0.040557,0.236747
0.043035,0.241291
0.044874,0.246476
0.041106,0.239916
0.044082,0.247912
0.024865,0.226516
0.025345,0.222642
0.046211,0.259632
0.043497,0.250014
0.029673,0.231018
0.043346,0.242698
0.025028,0.220224
