0.046663,0.496113
0.049353,0.526267
0.031834,0.471305
0.048288,0.497428
0.048129,0.502461
0.048825,0.500079
0.044351,0.477817
0.046981,0.498712
0.046970,0.477999
0.026100,0.457904
0.035242,0.475863
0.049090,0.507939
0.044820,0.486879
0.043913,0.468396
0.025785,0.460824
0.028422,0.396296
0.035025,0.477587
0.047157,0.491127
0.035116,0.487699
0.040289,0.481253
0.034676,0.478193
0.026323,0.440907
0.041629,0.477170
0.040122,0.497328
0.025748,0.441864
0.044968,0.485327
0.047781,0.490956
0.035841,0.482276
0.049239,0.501739
0.047038,0.510197
0.046017,0.490935
0.026385,0.453676
