0.054414,1.243463
0.061147,1.268048
0.030363,1.126092
0.040769,1.227623
0.057327,1.289483
0.041894,1.224892
0.054478,1.213422
0.050523,1.248128
0.056091,1.239961
0.030286,1.125607
0.041037,1.205286
0.053271,1.233985
0.053319,1.236721
0.054943,1.252815
0.055443,1.265050
0.052125,1.219859
0.054082,1.268268
0.038394,1.246096
0.055460,1.235568
0.054831,1.244321
0.029739,1.140034
0.053851,1.272874
0.059343,1.284676
0.056491,1.260892
0.054088,1.234129
0.054873,1.248060
0.041805,1.263908
0.033657,1.109803
0.054990,1.242278
0.058735,1.264359
0.054734,1.311107
0.049637,1.240504
