0.078293,3.607689
0.053874,3.572407
0.078928,3.637976
0.084581,3.567985
0.083491,3.668686
0.080684,3.563102
0.083483,3.680031
0.080114,3.617889
0.086739,3.666041
0.080829,3.709683
0.072860,3.656789
0.092205,3.624869
0.093040,3.682685
0.076653,3.580612
0.080755,3.624510
0.078615,3.650414
0.086400,3.666632
0.086426,3.684324
0.077299,3.638417
0.079295,3.580807
0.086611,3.674578
0.086046,3.621911
0.075235,3.599537
0.103759,3.637739
0.087539,3.678893
0.083050,3.524717
0.085105,3.599048
0.057497,3.716930
0.083033,3.702989
0.078817,3.657693
0.069147,3.577945
0.057749,3.614513
