0.052451,1.058377
0.051474,1.046655
0.053573,1.056426
0.050962,1.025401
0.052257,1.044547
0.057750,1.065740
0.054866,1.072179
0.028366,0.912265
0.049623,1.028854
0.058730,1.095233
0.051128,1.029681
0.040257,1.090689
0.058024,1.065820
0.051467,1.072071
0.054988,1.078674
0.050902,1.012041
0.056717,1.064412
0.051508,1.037696
0.050287,1.053108
0.051529,1.038408
0.054174,1.094203
0.051080,1.036075
0.028821,0.917598
0.056962,1.062960
0.055622,1.074771
0.051951,1.055984
0.037104,1.040753
0.036798,1.014001
0.051919,1.039216
0.040370,1.033242
0.054440,1.082846
0.050906,1.047934
