0.045690,0.416349
0.043375,0.416064
0.037658,0.412811
0.046555,0.415262
0.027544,0.399169
0.044237,0.423835
0.025602,0.402266
0.040387,0.416548
0.033782,0.400675
0.034165,0.400908
0.046905,0.426874
0.035758,0.409252
0.037702,0.404593
0.049070,0.424667
0.045838,0.411020
0.045691,0.417346
0.046296,0.419578
0.046210,0.408132
0.046165,0.436711
0.044325,0.430769
0.046529,0.417912
0.046621,0.416978
0.031683,0.399829
0.042050,0.414681
0.031807,0.419312
0.028629,0.405049
0.042663,0.420694
0.048391,0.427094
0.025542,0.371414
0.025500,0.341716
0.039792,0.421579
0.045174,0.412996
