0.080211,3.897135
0.088484,3.932083
0.088835,3.797016
0.092342,3.931240
0.082368,3.804523
0.060304,3.877332
0.116244,3.901399
0.084696,3.933243
0.084664,3.909536
0.080313,3.880550
0.064444,3.821278
0.088918,3.923449
0.090855,3.962047
0.081762,3.902820
0.079821,3.943552
0.089150,3.899329
0.084873,3.907300
0.087718,3.985626
0.090040,3.939695
0.085848,3.923851
0.086053,4.005811
0.089951,3.926632
0.084435,3.928883
0.067538,3.916363
0.089797,3.954233
0.076044,3.897202
0.086731,3.887925
0.081330,3.775570
0.085642,3.970136
0.089219,3.913137
0.071310,3.893006
0.099517,3.884918
