0.046012,0.359809
0.030910,0.341847
0.046603,0.355561
0.034028,0.341064
0.044811,0.368111
0.046985,0.357077
0.045752,0.351445
0.045311,0.362472
0.040963,0.348860
0.045352,0.367621
0.047658,0.359880
0.027556,0.344441
0.044172,0.357846
0.044370,0.355151
0.032326,0.347607
0.030299,0.336372
0.025379,0.336660
0.044845,0.351050
0.025700,0.333457
0.038308,0.359027
0.025038,0.332597
0.025336,0.348564
0.039632,0.345735
0.044318,0.348242
0.033159,0.345129
0.044173,0.357668
0.041103,0.366656
0.045439,0.357128
0.037047,0.350530
0.025729,0.333985
0.038363,0.348908
0.039344,0.356424
