0.061235,1.388052
0.052822,1.391385
0.056171,1.425123
0.043591,1.383030
0.056129,1.433897
0.051928,1.392516
0.061815,1.433167
0.060417,1.406657
0.054718,1.375493
0.055551,1.378874
0.031890,1.395154
0.031442,1.261673
0.053416,1.402685
0.055126,1.375625
0.055561,1.412477
0.064260,1.422402
0.055907,1.391292
0.054286,1.412591
0.056636,1.382307
0.052408,1.395292
0.031482,1.306296
0.062513,1.439853
0.049196,1.397002
0.065253,1.414765
0.056407,1.413052
0.060938,1.426295
0.056782,1.401896
0.059982,1.432503
0.058736,1.428253
0.058296,1.399188
0.030814,1.266013
0.053905,1.381576
