0.081457,3.898195
0.082919,3.681818
0.085726,3.834620
0.081796,3.880763
0.083733,3.781674
0.067910,3.828364
0.088301,3.886844
0.080955,3.846902
0.067629,3.885362
0.088163,3.868284
0.088188,3.797904
0.083515,3.913251
0.046089,3.703967
0.087865,3.776761
0.078511,3.800170
0.081603,3.848966
0.080419,3.875691
0.062141,3.840670
0.082840,3.831551
0.071315,3.866117
0.092375,3.708941
0.084226,3.770241
0.088858,3.857451
0.081901,3.905073
0.081416,3.802102
0.084015,3.826300
0.085582,3.815859
0.088463,3.830545
0.088769,3.901595
0.052717,3.685268
0.088930,3.819690
0.080138,3.819345
