0.026816,0.032360
0.022873,0.020974
0.023291,0.020880
0.023037,0.021208
0.023060,0.021150
0.022973,0.022355
0.023080,0.021360
0.023059,0.021779
0.023362,0.022154
0.023073,0.020818
0.023137,0.020555
0.022914,0.020252
0.042313,0.030834
0.041898,0.029206
0.043804,0.030076
0.042067,0.033070
0.027854,0.024736
0.023818,0.022142
0.023623,0.021445
0.023385,0.020934
0.033727,0.029221
0.036164,0.028336
0.026750,0.022680
0.040680,0.031479
0.042491,0.030874
0.030955,0.024988
0.026501,0.023527
0.042040,0.028698
0.028243,0.023689
0.037448,0.028207
0.042470,0.029383
0.043261,0.029579
