0.058927,1.891112
0.059848,1.891322
0.064024,1.856762
0.059761,1.861954
0.051214,1.837294
0.047258,1.895655
0.055670,1.861036
0.047707,1.870049
0.033963,1.700584
0.060140,1.860532
0.050677,1.900743
0.060188,1.893272
0.066557,1.904589
0.048981,1.819426
0.041614,1.857878
0.051060,1.876166
0.060860,1.870684
0.049700,1.852568
0.041141,1.900292
0.033978,1.755624
0.049185,1.900130
0.066163,1.912824
0.060118,1.872217
0.042363,1.834563
0.052244,1.847203
0.060935,1.851723
0.059744,1.854746
0.063049,1.869466
0.061100,1.848760
0.061279,1.897943
0.068208,1.893800
0.058138,1.855357
