0.040160,2.402582
0.072671,2.544048
0.068056,2.463221
0.068966,2.538303
0.060232,2.444968
0.050305,2.480637
0.067805,2.527992
0.073531,2.532118
0.054635,2.424598
0.066032,2.430029
0.065074,2.538230
0.062811,2.498079
0.052397,2.437321
0.069243,2.398404
0.066526,2.490108
0.067515,2.492324
0.051524,2.506678
0.066737,2.475023
0.073696,2.543826
0.066613,2.470189
0.072200,2.509680
0.076109,2.464436
0.049815,2.495688
0.070797,2.479407
0.092776,2.438813
0.078293,2.478335
0.069548,2.535427
0.066119,2.486267
0.047956,2.464700
0.070740,2.442521
0.058852,2.450984
0.063768,2.462803
