0.075558,3.754893
0.081941,3.775757
0.080137,3.762329
0.084462,3.734406
0.079474,3.658107
0.078303,3.940348
0.080491,3.644209
0.075312,3.657377
0.086904,3.803650
0.080552,3.752713
0.080492,3.873659
0.068698,3.924124
0.066464,3.822917
0.080091,3.647801
0.076374,3.691532
0.082265,3.818435
0.077801,3.748050
0.087960,3.829463
0.084618,3.879152
0.096691,3.756201
0.079005,3.704061
0.058931,3.692170
0.080497,3.704457
0.074835,3.669785
0.089193,3.766781
0.078895,3.775132
0.082373,3.717689
0.078997,3.700259
0.072670,3.615586
0.080247,3.757073
0.089487,3.806174
0.089067,3.722025
