0.048015,0.818670
0.036781,0.816798
0.046470,0.841494
0.052159,0.866737
0.049499,0.832811
0.043096,0.830356
0.051337,0.845516
0.051347,0.841138
0.050445,0.817823
0.026687,0.707200
0.047697,0.833844
0.036890,0.835459
0.049480,0.832741
0.043151,0.821833
0.047439,0.849814
0.049195,0.813066
0.052554,0.848913
0.034161,0.796756
0.047481,0.823952
0.048884,0.809892
0.027656,0.711852
0.042357,0.824262
0.049079,0.801135
0.038070,0.824315
0.047857,0.815126
0.050073,0.856083
0.049046,0.820208
0.049133,0.840006
0.048060,0.838022
0.052631,0.870884
0.054164,0.841593
0.048822,0.814715
