0.076808,3.180286
0.080984,3.257416
0.057197,3.223219
0.057175,3.199888
0.058906,3.208754
0.081865,3.211742
0.060324,3.107627
0.081930,3.214822
0.071169,3.145715
0.072980,3.241510
0.061919,3.187528
0.067810,3.146269
0.042261,3.025333
0.050554,3.063530
0.078401,3.164782
0.084477,3.263244
0.071868,3.115076
0.074535,3.106193
0.064841,3.249002
0.071093,3.389120
0.087697,3.260792
0.070452,3.106683
0.074879,3.197810
0.073133,3.158891
0.080590,3.209488
0.063821,3.110178
0.072324,3.218392
0.043373,3.081552
0.074157,3.201871
0.075033,3.161409
0.060136,3.205697
0.075465,3.230671
