0.035749,0.293715
0.025264,0.280025
0.045307,0.303782
0.044377,0.298239
0.025247,0.273937
0.040170,0.290302
0.029268,0.287546
0.024928,0.279763
0.039736,0.292644
0.024710,0.278229
0.025457,0.278769
0.046816,0.301027
0.044356,0.294274
0.024763,0.284810
0.038642,0.305655
0.028574,0.284390
0.025308,0.273414
0.043390,0.294615
0.025023,0.281993
0.044921,0.309330
0.034394,0.287506
0.028404,0.276981
0.025305,0.278512
0.024948,0.278882
0.039769,0.290901
0.039925,0.299076
0.035197,0.278619
0.038550,0.285044
0.047243,0.308909
0.045164,0.301116
0.045016,0.299534
0.045468,0.297436
