0.078127,3.314786
0.076534,3.317392
0.080364,3.352837
0.076567,3.361566
0.059118,3.367822
0.076816,3.398136
0.076461,3.363069
0.075162,3.430635
0.076753,3.260733
0.073923,3.356169
0.086116,3.371634
0.084951,3.356515
0.070649,3.398009
0.057228,3.241871
0.076373,3.377440
0.072867,3.324105
0.081912,3.414364
0.082977,3.401707
0.059487,3.737955
0.081889,3.422184
0.080687,3.362584
0.075603,3.348390
0.078878,3.344263
0.077462,3.430848
0.072998,3.301647
0.043799,3.215173
0.081945,3.325761
0.065752,3.277325
0.079396,3.361948
0.079567,3.366864
0.043911,3.311090
0.081762,3.321523
