0.060479,1.462116
0.056790,1.482131
0.058459,1.436016
0.040514,1.418319
0.058131,1.479074
0.053859,1.432384
0.057892,1.425497
0.055763,1.461569
0.060434,1.508646
0.063928,1.484624
0.056787,1.470912
0.056988,1.456140
0.057007,1.446612
0.056950,1.463652
0.055422,1.463787
0.059342,1.465809
0.055020,1.427407
0.055674,1.473824
0.050159,1.439828
0.063688,1.469208
0.031683,1.331245
0.055229,1.473487
0.065617,1.491073
0.061819,1.483605
0.064420,1.516516
0.055684,1.457374
0.042864,1.444712
0.062776,1.501593
0.057215,1.459051
0.034149,1.349506
0.048491,1.410531
0.061911,1.496899
