0.052815,2.128605
0.064594,2.184560
0.051369,2.148560
0.067880,2.165291
0.050421,2.246196
0.064523,2.150340
0.064026,2.183492
0.067614,2.207586
0.068495,2.207861
0.063788,2.215056
0.073935,2.200183
0.048966,2.145565
0.066192,2.184058
0.068880,2.244388
0.052654,2.188411
0.068548,2.165346
0.064607,2.207603
0.063505,2.175668
0.063893,2.223523
0.063564,2.250241
0.062255,2.233507
0.062530,2.191379
0.067587,2.204353
0.064942,2.162419
0.068080,2.187643
0.061374,2.173337
0.077092,2.149900
0.061809,2.129393
0.063286,2.268576
0.036752,2.190176
0.067831,2.207378
0.065417,2.155904
