0.050560,1.066364
0.055670,1.117123
0.053144,1.118523
0.050614,1.089504
0.042858,1.094520
0.051619,1.092656
0.052900,1.109191
0.052930,1.117658
0.053847,1.112615
0.049883,1.111258
0.043217,1.112343
0.056759,1.126577
0.053195,1.070909
0.049269,1.060794
0.029234,0.965029
0.054697,1.102519
0.052275,1.093451
0.054990,1.118566
0.052038,1.083725
0.053029,1.100878
0.034649,0.988464
0.053162,1.136945
0.052075,1.092801
0.053409,1.107412
0.048362,1.098722
0.050557,1.108569
0.055689,1.113275
0.054308,1.075732
0.057713,1.118861
0.055246,1.119049
0.050004,1.096480
0.052047,1.114541
