0.031339,0.376623
0.025273,0.370885
0.032727,0.390882
0.046720,0.387735
0.025502,0.366047
0.030053,0.370427
0.042788,0.384251
0.038323,0.408557
0.044902,0.382232
0.026082,0.376640
0.046319,0.391600
0.035988,0.376979
0.048139,0.404347
0.025649,0.370286
0.046226,0.394048
0.025758,0.374307
0.031250,0.373856
0.025800,0.366470
0.046608,0.396784
0.047101,0.389059
0.041364,0.372981
0.044218,0.396468
0.045597,0.404953
0.025775,0.379740
0.040368,0.386825
0.033184,0.369088
0.032537,0.374778
0.047784,0.386080
0.025671,0.373480
0.026107,0.360353
0.041134,0.396801
0.044884,0.389395
