0.098704,4.462854
0.068477,4.555659
0.085705,4.491013
0.086119,4.439782
0.076535,4.551446
0.086769,4.549106
0.087325,4.369937
0.050842,4.410706
0.099464,4.409776
0.108600,4.563172
0.074291,4.461090
0.078816,4.523083
0.070761,4.493883
0.085492,4.422495
0.088431,4.620750
0.089148,4.448116
0.087388,4.433454
0.084941,4.461771
0.090431,4.365369
0.090947,4.535274
0.095731,4.508919
0.095791,4.443283
0.087064,4.354107
0.082980,4.616540
0.094928,4.620288
0.086899,4.488666
0.090489,4.427910
0.074913,4.457038
0.093236,4.530843
0.081140,4.463637
0.095051,4.410284
0.102411,4.559882
