0.025747,0.164808
0.034104,0.168858
0.027334,0.159257
0.036445,0.166530
0.042705,0.180604
0.032088,0.162995
0.026122,0.162181
0.043894,0.176405
0.035847,0.180093
0.026129,0.243599
0.023937,0.159464
0.027221,0.161646
0.024380,0.163128
0.038101,0.180465
0.042804,0.180530
0.024279,0.159850
0.038050,0.180683
0.043839,0.173505
0.042431,0.175434
0.033975,0.165369
0.028442,0.162186
0.038924,0.177129
0.033627,0.175788
0.044370,0.179437
0.024520,0.156191
0.044613,0.180585
0.046356,0.189947
0.042489,0.177246
0.031078,0.164321
0.044742,0.183349
0.042567,0.186919
0.044645,0.182605
