0.099550,5.272377
0.099541,5.222682
0.095358,5.227027
0.085984,5.192780
0.096046,5.172172
0.107016,5.208421
0.095561,5.216788
0.107514,5.148643
0.093090,5.287474
0.094244,5.294267
0.076317,5.194835
0.099589,5.138894
0.105303,5.415207
0.094619,5.302224
0.093944,5.355234
0.056189,5.168007
0.091824,5.185863
0.084742,5.025940
0.080187,5.280014
0.110939,5.241171
0.096399,5.252702
0.099749,5.188249
0.097009,5.183054
0.107943,5.263591
0.092669,5.126336
0.073209,5.255399
0.111305,5.214297
0.090396,5.087223
0.077911,5.151147
0.111122,5.382206
0.106747,5.238548
0.090904,5.332870
