0.065776,1.687492
0.063374,1.705553
0.054660,1.703200
0.062759,1.730984
0.058038,1.705805
0.065128,1.696436
0.057941,1.755597
0.059681,1.646704
0.063891,1.708907
0.048583,1.703110
0.056959,1.666249
0.062251,1.692053
0.062034,1.687694
0.067406,1.737450
0.061694,1.702253
0.033478,1.588869
0.056796,1.717562
0.070135,1.731882
0.037646,1.690806
0.058571,1.697564
0.057852,1.678933
0.059176,1.737791
0.060888,1.741890
0.057545,1.631057
0.042175,1.664901
0.056257,1.713161
0.058620,1.673563
0.056020,1.847381
0.065730,1.780848
0.059523,1.699707
0.059268,1.707861
0.059435,1.684956
