0.048268,0.691948
0.026385,0.573403
0.051942,0.703275
0.027939,0.605251
0.026371,0.580006
0.047405,0.662781
0.049715,0.676865
0.048022,0.667473
0.053057,0.721410
0.052525,0.698123
0.049154,0.668252
0.036532,0.664971
0.052010,0.695968
0.049549,0.706680
0.051597,0.697917
0.054783,0.692309
0.052012,0.706606
0.047382,0.690320
0.040600,0.688172
0.033648,0.653981
0.047187,0.678250
0.037520,0.660988
0.050629,0.682682
0.028030,0.604953
0.047358,0.691704
0.050671,0.670796
0.053526,0.703551
0.048921,0.710830
0.046813,0.712210
0.050575,0.691359
0.047672,0.707588
0.051587,0.726711
