0.113700,5.337113
0.098943,5.778545
0.098924,5.421406
0.090217,5.371922
0.098675,5.210471
0.102195,5.394695
0.105446,5.460665
0.094600,5.176565
0.103494,5.339236
0.095513,5.349139
0.083867,5.151441
0.095270,5.249311
0.093726,5.292077
0.095246,5.374121
0.108116,5.332336
0.105488,5.340157
0.093231,5.329506
0.092914,5.286269
0.098682,5.368165
0.091522,5.243029
0.078272,5.358749
0.103330,5.593387
0.089280,5.299178
0.095347,5.334575
0.098486,5.438050
0.103638,5.299954
0.078401,5.394674
0.094706,5.370372
0.101892,5.641111
0.097927,5.414665
0.114336,5.355582
0.094424,5.346627
