0.047393,0.977551
0.040838,0.923339
0.048217,0.949203
0.041001,0.959212
0.050341,0.971135
0.038105,0.944624
0.049333,0.959983
0.030970,0.871059
0.054207,0.955357
0.037772,0.946839
0.057962,0.981764
0.054363,1.001527
0.044311,0.943093
0.052827,0.976910
0.054077,0.963973
0.049433,0.978493
0.048765,0.988234
0.047594,0.987433
0.051048,0.957055
0.028231,0.836119
0.054849,0.980187
0.044851,0.946613
0.053187,0.995391
0.051645,0.946192
0.045141,0.914083
0.040465,0.936047
0.051916,0.966178
0.053799,0.977194
0.055490,1.007405
0.053190,1.001695
0.054569,0.985623
0.051538,0.952431
