0.065051,2.278738
0.067494,2.268555
0.063613,2.309217
0.036869,2.145845
0.046761,2.213820
0.065569,2.290187
0.064278,2.271246
0.054285,2.243776
0.063469,2.246631
0.064852,2.316038
0.069020,2.293038
0.065230,2.229246
0.065445,2.239103
0.048483,2.218742
0.065763,2.347810
0.062527,2.286655
0.048588,2.282660
0.040711,2.181088
0.057286,2.221264
0.065054,2.268355
0.067666,2.283243
0.072484,2.281990
0.059721,2.267844
0.047124,2.340949
0.060609,2.189325
0.062854,2.297454
0.068334,2.313751
0.066238,2.267245
0.064634,2.202461
0.036049,2.158659
0.070685,2.271096
0.060703,2.242113
