0.074087,2.801933
0.075622,2.693151
0.079281,2.805023
0.069679,2.815646
0.078101,2.762565
0.072597,2.706506
0.061761,2.695310
0.049280,2.645837
0.059246,2.697700
0.076047,2.803445
0.065251,2.715681
0.069851,2.768601
0.078824,2.692106
0.086894,2.763236
0.077600,2.671134
0.080464,2.753205
0.090093,2.706191
0.069759,2.686153
0.067895,2.712757
0.069597,2.762761
0.064936,2.706440
0.062553,2.700792
0.069471,2.690753
0.053357,2.678461
0.071467,2.624041
0.075677,2.755141
0.057695,2.731861
0.074137,2.741330
0.054411,2.696763
0.055217,2.703682
0.069966,2.709542
0.058638,2.639672
