0.071605,2.574719
0.059774,2.515747
0.080487,2.623974
0.048599,2.533593
0.068555,2.560093
0.078964,2.536037
0.069314,2.626711
0.059228,2.616482
0.080481,2.587224
0.068899,2.565785
0.038627,2.445200
0.074491,2.548957
0.079714,2.549452
0.069989,2.550827
0.070120,2.585099
0.069419,2.539484
0.068495,2.494902
0.068235,2.564084
0.074671,2.634113
0.075437,2.550926
0.049084,2.558328
0.077210,2.616284
0.072704,2.528060
0.077559,2.572032
0.053545,2.515933
0.075991,2.536221
0.066304,2.566352
0.074961,2.584949
0.074640,2.583516
0.070601,2.604401
0.065109,2.603922
0.066530,2.632116
