0.051789,0.761338
0.057415,0.791472
0.051093,0.776921
0.051142,0.784968
0.057052,0.802268
0.052707,0.802163
0.036560,0.749445
0.049045,0.745670
0.036996,0.729841
0.050817,0.754379
0.049268,0.781752
0.053842,0.780763
0.028161,0.631394
0.030273,0.640835
0.048673,0.783539
0.048485,0.754189
0.053936,0.767938
0.054536,0.790059
0.035042,0.734229
0.026418,0.631311
0.048849,0.759029
0.049943,0.763839
0.033156,0.735889
0.048423,0.766343
0.054924,0.784224
0.054178,0.780225
0.028590,0.682959
0.050151,0.779548
0.036374,0.752967
0.048189,0.760624
0.047155,0.755454
0.036525,0.738199
