0.106282,5.916013
0.085944,5.943533
0.095759,5.913019
0.138113,5.771092
0.108898,5.711743
0.101370,6.069101
0.103171,5.890710
0.077160,5.874369
0.110634,5.905326
0.108486,6.002763
0.070147,5.821409
0.095047,5.730335
0.098694,5.785860
0.107400,5.878258
0.100955,5.869105
0.109639,5.901088
0.101542,5.854671
0.100187,6.104966
0.106981,5.760533
0.063081,5.714153
0.098331,5.756405
0.099973,5.951799
0.108712,5.876858
0.110141,6.035672
0.100416,6.042523
0.086375,5.864056
0.094174,5.932397
0.099777,6.097642
0.101084,5.846642
0.108882,5.999870
0.096432,6.041928
0.087578,5.884518
