0.061394,1.304483
0.058327,1.287081
0.054922,1.264654
0.057998,1.307168
0.059610,1.346773
0.054241,1.287282
0.060758,1.305751
0.053043,1.314896
0.054207,1.282944
0.055734,1.296325
0.030242,1.181590
0.053352,1.295286
0.058018,1.317868
0.054618,1.307428
0.054679,1.277001
0.059777,1.302326
0.057282,1.296395
0.053849,1.288765
0.051567,1.316618
0.057737,1.310722
0.042312,1.284290
0.043609,1.281380
0.053762,1.292648
0.055516,1.273779
0.030322,1.176323
0.030089,1.194881
0.056393,1.308494
0.055856,1.308921
0.052181,1.389597
0.060783,1.311910
0.046218,1.305224
0.061185,1.291149
