0.046462,0.454723
0.028838,0.427847
0.047134,0.447246
0.035506,0.448166
0.045109,0.451117
0.048622,0.468370
0.045735,0.456252
0.047604,0.465486
0.045916,0.449825
0.043451,0.449564
0.045891,0.438239
0.043917,0.447396
0.026001,0.424958
0.031096,0.437804
0.044580,0.454719
0.034594,0.447480
0.046982,0.455088
0.043856,0.442225
0.045948,0.458135
0.050181,0.466241
0.049593,0.459180
0.026047,0.430504
0.048174,0.459726
0.045927,0.448284
0.031476,0.425187
0.026253,0.433662
0.046909,0.471793
0.046349,0.441644
0.033513,0.439852
0.044812,0.449023
0.029828,0.447741
0.042727,0.451249
