0.077992,3.254515
0.077698,3.337780
0.044133,3.250201
0.085313,3.352703
0.081870,3.248560
0.084073,3.226906
0.074739,3.263130
0.064996,3.307539
0.083570,3.318166
0.073480,3.369320
0.077377,3.379268
0.057115,3.298123
0.045988,3.158628
0.064883,3.172757
0.076481,3.176287
0.057530,3.238005
0.061922,3.291495
0.075414,3.179356
0.074953,3.299489
0.080685,3.267435
0.072712,3.304839
0.044019,3.169785
0.076160,3.259467
0.077221,3.273870
0.055661,3.249323
0.053497,3.279264
0.076204,3.250538
0.078927,3.253423
0.084936,3.273557
0.083506,3.330387
0.082954,3.236677
0.085888,3.309857
