0.043188,0.158895
0.023811,0.139196
0.030820,0.147332
0.037468,0.152896
0.036045,0.159476
0.024086,0.136691
0.036649,0.154690
0.024023,0.137605
0.035849,0.156212
0.039359,0.150956
0.040097,0.161142
0.042381,0.165734
0.024153,0.140109
0.024182,0.138266
0.043251,0.162809
0.038688,0.149662
0.041984,0.155952
0.028605,0.141724
0.045153,0.161830
0.031761,0.151078
0.041102,0.160205
0.044394,0.159880
0.040325,0.158635
0.028478,0.144672
0.033053,0.148417
0.036097,0.148024
0.026381,0.141251
0.027532,0.140941
0.027164,0.142580
0.042182,0.145674
0.026459,0.137680
0.036332,0.159571
