0.049316,0.824682
0.053351,0.837045
0.028050,0.767633
0.043194,0.784123
0.032755,0.760421
0.026926,0.673404
0.048770,0.819512
0.047713,0.824543
0.046814,0.766680
0.051448,0.805677
0.049143,0.798053
0.049145,0.805967
0.052852,0.799651
0.039428,0.798896
0.054498,0.827904
0.027790,0.692834
0.042183,0.782903
0.049892,0.795669
0.049060,0.798440
0.033382,0.825001
0.056508,0.809058
0.047596,0.805456
0.026680,0.651214
0.039019,0.771575
0.045961,0.784132
0.050412,0.787756
0.048759,0.792184
0.054897,0.819330
0.049639,0.798956
0.039251,0.778878
0.052630,0.814035
0.047772,0.801249
