0.078139,3.615422
0.074035,3.504075
0.089452,3.499390
0.076446,3.594723
0.077025,3.536261
0.081238,3.543514
0.076705,3.574849
0.076016,3.480294
0.073016,3.491421
0.084449,3.540430
0.074612,3.495219
0.077668,3.727535
0.082889,3.516801
0.089100,3.559833
0.077247,3.635990
0.084992,3.567079
0.072091,3.575914
0.067138,3.620832
0.055934,3.606819
0.084854,3.570878
0.079701,3.531857
0.079128,3.540834
0.078517,3.583674
0.082891,3.551299
0.077547,3.503983
0.086207,3.531321
0.082696,3.542987
0.063159,3.562124
0.089968,3.580332
0.076648,3.629357
0.087770,3.648370
0.078042,3.511335
