0.045910,0.236248
0.024942,0.202990
0.042913,0.224772
0.045895,0.228350
0.044100,0.219642
0.042184,0.218087
0.026787,0.203091
0.024430,0.202358
0.037497,0.220402
0.044563,0.225290
0.042458,0.216262
0.029525,0.206177
0.042579,0.218024
0.024728,0.202589
0.034582,0.206305
0.044261,0.222820
0.048130,0.239823
0.043450,0.220034
0.026862,0.203088
0.044496,0.221476
0.044496,0.226891
0.032719,0.209508
0.043129,0.224967
0.035511,0.214091
0.039698,0.220516
0.043057,0.223037
0.027263,0.198129
0.028860,0.209322
0.044164,0.229410
0.043382,0.228197
0.024503,0.205682
0.044293,0.227793
