0.041867,0.013967
0.028262,0.011131
0.025492,0.010894
0.023653,0.009535
0.023073,0.009342
0.023154,0.009263
0.036269,0.015250
0.030349,0.010901
0.033275,0.012615
0.026283,0.010129
0.023726,0.009497
0.023304,0.009462
0.023026,0.009441
0.033367,0.012655
0.026649,0.010650
0.042845,0.013707
0.038824,0.012578
0.043468,0.014327
0.030994,0.012620
0.030006,0.011445
0.039143,0.013360
0.028630,0.011266
0.025362,0.011781
0.024238,0.009407
0.023065,0.009517
0.024622,0.009520
0.031161,0.011045
0.025950,0.010836
0.038420,0.014694
0.025474,0.009875
0.023463,0.010086
0.023057,0.010302
