0.060152,1.123026
0.056248,1.127487
0.052600,1.149852
0.057505,1.175698
0.053964,1.188319
0.052792,1.168385
0.033444,1.018133
0.053727,1.170018
0.058554,1.188842
0.053287,1.146958
0.053937,1.154270
0.051929,1.162254
0.053262,1.136797
0.030220,1.035086
0.029332,1.047835
0.053868,1.179142
0.030734,1.039826
0.053468,1.166060
0.056350,1.158343
0.053311,1.152542
0.044272,1.140553
0.052702,1.146567
0.044457,1.162157
0.056514,1.156303
0.060966,1.182772
0.029668,1.029278
0.054260,1.155913
0.053794,1.159871
0.055849,1.137955
0.056214,1.134007
0.033493,1.046582
0.053405,1.142333
