0.077941,5.705164
0.104366,5.531934
0.088464,5.557631
0.107524,5.592641
0.098381,5.662619
0.096839,5.531601
0.068013,5.452546
0.104363,5.512213
0.109259,5.621037
0.109814,5.528569
0.094261,5.371946
0.096497,5.440647
0.103305,5.571324
0.106784,5.457206
0.094310,5.643925
0.098770,5.484785
0.066733,5.439574
0.062815,5.277316
0.080147,5.530858
0.100983,5.506407
0.096821,5.587793
0.100929,5.518173
0.108676,5.540559
0.100851,5.511684
0.097959,5.637170
0.097661,5.530721
0.074090,5.496916
0.109751,5.484555
0.090361,5.583385
0.104738,5.556535
0.109141,5.659705
0.108468,5.486798
