0.030552,0.033047
0.023177,0.028917
0.031031,0.032313
0.041690,0.037694
0.023542,0.030550
0.023375,0.029600
0.036897,0.038193
0.023165,0.028592
0.034423,0.034239
0.040471,0.038338
0.034674,0.036304
0.042708,0.040146
0.024781,0.028926
0.037755,0.038521
0.028921,0.035271
0.024288,0.030079
0.040504,0.037694
0.027859,0.032455
0.023315,0.028740
0.043180,0.042057
0.023562,0.027988
0.023174,0.028336
0.027787,0.030471
0.035986,0.036900
0.027104,0.031464
0.028774,0.032575
0.035772,0.036974
0.042181,0.037090
0.042987,0.037599
0.023607,0.028299
0.024611,0.028554
0.023215,0.028878
