0.024848,0.178380
0.043956,0.204545
0.028238,0.206306
0.038346,0.201565
0.043326,0.197677
0.044850,0.202828
0.024469,0.180040
0.036723,0.197921
0.038169,0.199712
0.045138,0.205262
0.044181,0.202439
0.037376,0.197664
0.033243,0.187197
0.045806,0.216153
0.028695,0.182579
0.024540,0.178310
0.023976,0.180268
0.038821,0.199839
0.044883,0.204899
0.044424,0.200717
0.042571,0.199009
0.033001,0.199363
0.041298,0.199733
0.024848,0.184516
0.037993,0.204553
0.042174,0.197106
0.031740,0.185257
0.038345,0.194146
0.040381,0.197721
0.045371,0.208044
0.024606,0.177240
0.037380,0.192635
