0.023150,0.005195
0.028528,0.005064
0.034061,0.005771
0.028422,0.005280
0.025122,0.004545
0.023360,0.004459
0.031827,0.005382
0.033823,0.005911
0.027160,0.004960
0.024528,0.005960
0.033430,0.005567
0.028214,0.005856
0.040708,0.006555
0.030180,0.005523
0.040929,0.008473
0.026450,0.004942
0.040610,0.005801
0.044115,0.007017
0.029853,0.005432
0.042719,0.006657
0.031024,0.005760
0.042304,0.006292
0.039932,0.006577
0.043909,0.007023
0.027673,0.005237
0.024720,0.004860
0.023605,0.004618
0.035047,0.005561
0.023021,0.005951
0.025236,0.004574
0.023397,0.004479
0.029399,0.005350
