0.052998,1.210539
0.054316,1.201585
0.049529,1.194919
0.029829,1.080485
0.057217,1.201104
0.044745,1.212018
0.058896,1.203421
0.030743,1.101037
0.058889,1.253529
0.054299,1.198851
0.051977,1.204376
0.053854,1.206235
0.055076,1.207041
0.035893,1.149994
0.053804,1.226982
0.034884,1.119163
0.053191,1.171102
0.052891,1.202459
0.046431,1.190190
0.055342,1.172125
0.034035,1.130402
0.053733,1.202568
0.056002,1.190748
0.035940,1.088900
0.073171,1.401086
0.058027,1.204113
0.030013,1.076319
0.055795,1.166135
0.058304,1.256678
0.054479,1.186764
0.046427,1.206276
0.055799,1.197630
