0.066348,4.278674
0.081386,4.190169
0.086200,4.223794
0.085913,4.283985
0.080041,4.256074
0.083347,4.339012
0.075006,4.213098
0.066021,4.321090
0.097040,4.309811
0.058757,4.262208
0.074161,4.205709
0.082882,4.234135
0.091029,4.312888
0.074123,4.273073
0.086613,4.169333
0.097815,4.291095
0.085646,4.154997
0.085161,4.281006
0.075978,4.243696
0.085249,4.284657
0.094181,4.298657
0.049316,4.305701
0.091829,4.311863
0.060556,4.139163
0.085413,4.309971
0.075081,4.343550
0.087084,4.150530
0.085488,4.344807
0.082517,4.274794
0.073479,4.234625
0.083803,4.267987
0.088875,4.276419
