0.070721,2.881815
0.053621,2.924234
0.055995,2.969474
0.055326,2.920685
0.078884,3.007622
0.079605,2.992939
0.074179,2.956386
0.057471,2.913864
0.079959,2.952959
0.063401,2.999390
0.073289,2.921291
0.049715,2.853745
0.079285,2.894719
0.059637,2.991614
0.068294,2.985638
0.064563,2.984592
0.070396,2.931931
0.071971,2.997094
0.041657,2.793325
0.056216,2.925303
0.079868,2.999041
0.076585,2.948772
0.076924,2.902664
0.073824,2.901815
0.085727,3.006155
0.073425,2.960000
0.078731,2.947216
0.062229,2.947060
0.046824,2.762964
0.060276,2.958469
0.051108,2.799799
0.076188,2.998987
