0.025981,0.014669
0.029817,0.017134
0.025775,0.015657
0.023091,0.015498
0.036566,0.020680
0.028013,0.018865
0.023131,0.014978
0.037534,0.020233
0.041919,0.020711
0.026363,0.015949
0.023317,0.015285
0.023170,0.016157
0.023235,0.014329
0.023126,0.015986
0.043128,0.021031
0.028541,0.017074
0.037271,0.020743
0.039172,0.020231
0.028334,0.016464
0.024740,0.016642
0.023176,0.014732
0.028994,0.014850
0.033537,0.021025
0.035053,0.020781
0.042821,0.021307
0.028273,0.016420
0.023047,0.015137
0.023206,0.014371
0.022939,0.014520
0.032287,0.017963
0.036382,0.019608
0.028248,0.022340
