0.045775,0.339989
0.026283,0.313415
0.047470,0.328177
0.040648,0.314053
0.025284,0.299827
0.046702,0.329498
0.024809,0.304429
0.040371,0.318001
0.045362,0.329183
0.037260,0.322884
0.044633,0.332086
0.031401,0.318157
0.029637,0.312465
0.040264,0.352316
0.024769,0.307925
0.043050,0.327763
0.046086,0.340567
0.045816,0.340348
0.046193,0.332358
0.044302,0.336841
0.025547,0.311225
0.031176,0.302856
0.025462,0.315353
0.025087,0.302910
0.040115,0.332145
0.044342,0.412829
0.044716,0.327202
0.042122,0.330296
0.045986,0.331515
0.046059,0.338453
0.046050,0.321789
0.046787,0.333401
