0.086680,5.662984
0.097465,5.751864
0.095316,5.690973
0.100387,5.743986
0.109979,5.665510
0.082833,5.591318
0.100806,5.724013
0.080851,5.693584
0.106810,5.828719
0.099128,5.587910
0.098874,5.553552
0.094971,5.737432
0.109810,5.895830
0.099424,5.605522
0.095314,5.734435
0.103997,5.843043
0.070862,5.538381
0.096176,5.743844
0.074890,5.545125
0.105677,5.620266
0.066179,5.666766
0.062579,5.652389
0.102513,5.750307
0.107298,5.637360
0.104571,5.772352
0.112986,5.757343
0.095357,5.957947
0.087729,5.485858
0.107463,5.665088
0.078794,5.558777
0.100132,6.102814
0.110330,5.569741
