0.104950,5.766881
0.096371,5.586894
0.104392,5.952705
0.086679,5.860665
0.099696,5.851838
0.108127,5.798826
0.096488,5.794789
0.111265,5.713009
0.059265,5.690626
0.103140,5.862335
0.090009,5.844935
0.122844,5.742288
0.102763,5.560607
0.087222,5.822727
0.095963,5.720904
0.094378,5.907214
0.098784,5.959478
0.110658,6.185248
0.096070,5.749977
0.102044,5.655212
0.081573,5.686898
0.099486,5.759958
0.094592,5.843276
0.094837,5.937016
0.095648,6.040880
0.106618,5.701120
0.096437,5.741326
0.100850,5.870143
0.063336,5.538805
0.098495,5.777425
0.100806,5.725634
0.099681,5.801177
