0.043687,0.096966
0.043715,0.092034
0.044204,0.097616
0.041150,0.089031
0.027309,0.076257
0.038127,0.086425
0.038861,0.081726
0.042943,0.091926
0.038936,0.089847
0.025304,0.072198
0.034842,0.084345
0.032945,0.084683
0.043163,0.095316
0.043269,0.096363
0.031179,0.083400
0.031481,0.080337
0.045222,0.093827
0.031229,0.082396
0.041586,0.092028
0.042756,0.092889
0.042786,0.090434
0.037962,0.080808
0.034550,0.086008
0.038753,0.085026
0.041225,0.088280
0.024407,0.073428
0.032171,0.078072
0.038667,0.094813
0.025631,0.073488
0.035524,0.089507
0.039700,0.088354
0.043652,0.091043
