0.043335,0.105523
0.027150,0.088686
0.038319,0.106502
0.040120,0.110161
0.043141,0.100954
0.027129,0.086881
0.042232,0.108323
0.044021,0.105149
0.043171,0.106875
0.027325,0.132690
0.023161,0.090347
0.023246,0.087105
0.029392,0.085593
0.040382,0.106162
0.043918,0.107837
0.033018,0.101712
0.031399,0.102586
0.023364,0.085913
0.035928,0.104915
0.043464,0.103967
0.025599,0.087916
0.027271,0.088242
0.036770,0.109341
0.032776,0.095344
0.039688,0.099380
0.040184,0.105311
0.044220,0.113377
0.043826,0.108978
0.042482,0.108437
0.026046,0.087818
0.030979,0.094654
0.032599,0.103746
