0.094840,4.959071
0.092287,5.023152
0.104399,5.126097
0.076145,4.826642
0.100522,4.985918
0.091153,5.087591
0.073072,5.019665
0.060562,4.985532
0.089936,4.962482
0.091919,4.999536
0.083937,4.972819
0.093660,5.050213
0.092437,4.994036
0.073344,4.979974
0.096526,5.130771
0.094113,5.102729
0.098084,4.995634
0.094229,5.204301
0.075181,4.985478
0.105316,4.896785
0.095390,4.986788
0.090417,4.979498
0.092167,4.979856
0.094257,5.004366
0.101054,4.834583
0.092031,4.965003
0.100432,4.952242
0.094186,4.947670
0.102420,5.039868
0.085413,4.989876
0.089401,5.131320
0.097365,5.043481
