0.036567,0.002713
0.027223,0.002586
0.024773,0.002570
0.040468,0.002842
0.040085,0.003089
0.040282,0.003004
0.042574,0.003011
0.031576,0.003000
0.028304,0.004081
0.035057,0.004158
0.028647,0.003231
0.025905,0.002502
0.023175,0.002782
0.023172,0.002454
0.030779,0.002774
0.023928,0.002468
0.022854,0.002452
0.023047,0.002442
0.022904,0.002555
0.035040,0.003837
0.028140,0.002950
0.040266,0.003243
0.035361,0.003314
0.040689,0.003473
0.027839,0.003152
0.023146,0.002454
0.023382,0.002450
0.023330,0.002459
0.023001,0.002438
0.026261,0.002597
0.025894,0.002538
0.023653,0.002608
