0.090275,4.838493
0.094122,4.812066
0.090676,4.768611
0.053513,4.645893
0.095114,4.758620
0.087456,4.787836
0.099359,4.922578
0.093129,4.856126
0.102185,4.829905
0.089121,4.834198
0.087934,4.925869
0.102090,4.790437
0.092270,5.023656
0.107334,4.731872
0.092779,4.930808
0.081269,4.791304
0.105276,4.842852
0.094091,4.775653
0.102005,4.781968
0.061597,4.674885
0.103201,4.805448
0.091654,4.826057
0.086119,4.987488
0.089612,4.947758
0.071942,4.755292
0.072569,4.741311
0.098565,4.806763
0.095436,5.259097
0.095040,4.832058
0.098792,4.825308
0.094074,4.839327
0.092342,4.624885
