0.101571,4.784458
0.059769,4.627966
0.094255,4.787313
0.099658,4.739663
0.052555,4.500817
0.102013,4.583760
0.090603,4.765623
0.053500,4.573552
0.095981,4.686853
0.075931,4.782086
0.090860,4.743316
0.097460,4.698909
0.098188,4.678942
0.087281,4.584604
0.090816,4.756191
0.052279,4.628550
0.089511,4.701288
0.086163,4.671536
0.087330,4.738876
0.098344,4.764992
0.088586,4.717537
0.091098,4.612446
0.101052,4.699328
0.088592,4.741606
0.094525,4.729503
0.086479,4.705767
0.088979,4.645596
0.088976,4.663423
0.097624,4.631472
0.093785,4.672341
0.094501,4.713830
0.061567,4.603328
