0.091987,4.523995
0.089315,4.480505
0.087585,4.553384
0.096613,4.479119
0.093067,4.594027
0.101538,4.533084
0.088529,4.679916
0.088093,4.636509
0.096471,4.768874
0.086062,4.608341
0.059013,4.605888
0.086811,4.472426
0.070795,4.505318
0.068949,4.506738
0.099151,4.607171
0.088284,4.607148
0.084109,4.580421
0.088397,4.598482
0.087275,4.963031
0.084190,4.567881
0.097883,4.706083
0.071833,4.494673
0.100799,4.605970
0.086179,4.539541
0.096599,4.451588
0.083309,4.661828
0.072871,4.527324
0.088933,4.698323
0.069912,4.593457
0.096959,4.718280
0.092918,4.698143
0.089794,4.528896
