0.090349,5.037028
0.104917,5.131124
0.075540,5.107760
0.103277,5.150778
0.078920,5.174105
0.098766,5.036457
0.089856,5.449175
0.085854,5.255931
0.085741,5.029741
0.106687,5.034206
0.101441,4.977619
0.095118,5.116342
0.106007,5.113274
0.092880,5.158486
0.073334,5.136183
0.100151,5.084246
0.095446,5.169326
0.096054,5.182669
0.102170,4.952045
0.088781,5.215120
0.068507,5.142760
0.055730,5.098549
0.105905,5.013673
0.090362,5.040567
0.092857,5.099978
0.095954,5.196099
0.078260,5.064961
0.110346,5.211880
0.080263,5.103088
0.093538,5.050976
0.089272,5.217052
0.089904,5.218453
