0.089790,4.153465
0.096557,4.277231
0.069521,4.152385
0.091306,4.202001
0.072287,4.168339
0.076415,4.092868
0.087761,4.177110
0.096791,4.163230
0.087552,4.095595
0.089132,4.227097
0.084637,4.218914
0.061044,4.212027
0.089315,4.220704
0.084157,4.122323
0.075835,4.274038
0.081430,4.115954
0.090805,4.257081
0.083917,4.220984
0.093032,4.175938
0.088603,4.164608
0.067964,4.293693
0.089689,4.257416
0.082405,4.100688
0.085651,4.258936
0.094408,4.269252
0.084005,4.139689
0.082315,4.150384
0.092635,4.108646
0.095153,4.193790
0.087083,4.180204
0.077392,4.226018
0.074364,4.169922
