0.023924,0.123374
0.036790,0.138131
0.024696,0.121618
0.043490,0.138245
0.023750,0.121210
0.029501,0.122275
0.038085,0.145293
0.023641,0.120522
0.042956,0.140570
0.042671,0.136983
0.024421,0.119706
0.038786,0.136451
0.032036,0.131281
0.041265,0.147570
0.044861,0.144291
0.031731,0.133612
0.040686,0.133603
0.042604,0.138699
0.043375,0.143164
0.044948,0.144824
0.044350,0.139816
0.034522,0.128643
0.029404,0.126531
0.042422,0.134337
0.030025,0.132300
0.023759,0.118705
0.024020,0.121861
0.027108,0.117283
0.038502,0.149091
0.044213,0.144919
0.024402,0.120382
0.042562,0.139850
