0.052462,0.932811
0.050907,0.924281
0.052240,0.925997
0.049401,0.907519
0.045619,0.890473
0.028410,0.782612
0.050499,0.912795
0.051338,0.919735
0.042493,0.918397
0.034303,0.886866
0.050390,0.914014
0.048103,0.913593
0.048788,0.915850
0.054094,0.941955
0.049461,0.925927
0.038210,0.936643
0.053769,0.942079
0.056647,0.949622
0.050016,0.913508
0.050698,0.914258
0.035571,0.894735
0.052867,0.931952
0.044499,0.893920
0.054755,0.922714
0.040853,0.900959
0.057107,0.936682
0.040314,0.929294
0.028574,0.794532
0.036308,0.888490
0.040010,0.900451
0.049900,0.924704
0.046385,0.958307
