0.032198,1.465004
0.062908,1.577462
0.037904,1.683167
0.040865,1.459911
0.033841,1.453554
0.057501,1.570549
0.046172,1.580487
0.049224,1.633540
0.062779,1.618833
0.059290,1.575277
0.063089,1.548553
0.057498,1.562372
0.043342,1.568693
0.056342,1.536350
0.032063,1.463757
0.058828,1.575466
0.059431,1.572911
0.054623,1.563469
0.055348,1.580256
0.062244,1.567261
0.057995,1.580755
0.062995,1.625024
0.059535,1.574234
0.054382,1.582996
0.060200,1.535942
0.057112,1.645372
0.064107,1.596148
0.055235,1.557799
0.055233,1.592696
0.056061,1.581194
0.057769,1.577973
0.033296,1.447334
