0.027014,0.523257
0.046222,0.555107
0.046677,0.558794
0.049352,0.578426
0.027144,0.514887
0.039197,0.571129
0.047261,0.586179
0.047436,0.559353
0.032724,0.542212
0.052272,0.581411
0.057095,0.591874
0.052545,0.569204
0.047874,0.559636
0.047524,0.547673
0.026493,0.528089
0.049925,0.572874
0.044953,0.562230
0.026716,0.513144
0.025520,0.453455
0.030568,0.537142
0.046078,0.559981
0.047787,0.564191
0.047698,0.558868
0.045255,0.552158
0.039863,0.557389
0.046654,0.571005
0.048152,0.571340
0.047478,0.561695
0.046810,0.571570
0.031720,0.547124
0.046327,0.560801
0.041772,0.562414
