0.030323,0.039076
0.032150,0.046596
0.023303,0.037755
0.023159,0.037615
0.023014,0.037093
0.024495,0.038068
0.023025,0.038245
0.029908,0.037426
0.023216,0.039039
0.031950,0.048092
0.037227,0.050117
0.041369,0.049085
0.023045,0.036372
0.023007,0.037505
0.027015,0.056271
0.023169,0.039952
0.023161,0.037258
0.023143,0.036873
0.023075,0.036486
0.029942,0.041388
0.037056,0.048801
0.031908,0.043999
0.023376,0.037351
0.023592,0.037750
0.035690,0.047233
0.025391,0.037406
0.023174,0.037074
0.029033,0.042626
0.023549,0.037239
0.030135,0.043970
0.025370,0.036923
0.029087,0.041382
