0.047322,0.606429
0.049387,0.604868
0.050207,0.612718
0.052265,0.613363
0.026949,0.548532
0.035586,0.574838
0.050986,0.626754
0.046409,0.591605
0.047613,0.599837
0.045150,0.591691
0.039825,0.589009
0.049753,0.605993
0.047847,0.597794
0.048694,0.615373
0.049619,0.602267
0.047537,0.599402
0.027368,0.566773
0.041765,0.588795
0.045869,0.594509
0.047886,0.590394
0.026784,0.545681
0.041219,0.611612
0.049833,0.607298
0.026892,0.548895
0.041533,0.585089
0.027325,0.542248
0.036416,0.592440
0.047023,0.612086
0.027000,0.545483
0.044718,0.588019
0.037516,0.598779
0.027145,0.542338
