0.037114,0.119175
0.045102,0.130389
0.030263,0.107749
0.045960,0.132559
0.036543,0.122548
0.023961,0.106641
0.044242,0.124408
0.043426,0.121418
0.042852,0.124272
0.042969,0.126131
0.041802,0.117994
0.042999,0.132548
0.046368,0.133270
0.025988,0.102604
0.044238,0.125219
0.042669,0.121473
0.041827,0.119021
0.041388,0.117354
0.042523,0.123999
0.025783,0.106079
0.031788,0.112139
0.036344,0.121723
0.042396,0.123715
0.024199,0.101485
0.041943,0.118476
0.044039,0.125074
0.043085,0.128456
0.046165,0.132132
0.033487,0.119134
0.043195,0.126130
0.041583,0.123984
0.040903,0.114618
