0.059031,1.647323
0.032096,1.516708
0.053791,1.628765
0.061414,1.637156
0.046637,1.593572
0.059891,1.601358
0.042255,1.579856
0.061171,1.630132
0.057922,1.613907
0.065354,1.632376
0.042179,1.563288
0.048324,1.600906
0.059072,1.656954
0.057555,1.630611
0.055574,1.623971
0.059268,1.622946
0.060282,1.648502
0.066607,1.683783
0.034068,1.514079
0.062249,1.638745
0.047755,1.601954
0.057853,1.611848
0.059102,1.632458
0.050301,1.610156
0.058573,1.593251
0.065587,1.639034
0.055940,1.623658
0.045819,1.627197
0.069509,1.652079
0.034758,1.517127
0.065733,1.677738
0.047451,1.573847
