0.050010,0.722406
0.033372,0.697853
0.052190,0.737167
0.053593,0.733585
0.047105,0.705399
0.027217,0.586212
0.049120,0.716162
0.033926,0.704708
0.048086,0.701253
0.027772,0.606178
0.054077,0.760789
0.040764,0.702006
0.053284,0.716011
0.052551,0.760703
0.052184,0.740386
0.042439,0.724799
0.039966,0.713120
0.030607,0.609846
0.050597,0.727447
0.026882,0.613802
0.038630,0.697903
0.045165,0.693427
0.042317,0.729818
0.034861,0.703122
0.047409,0.712540
0.048466,0.722831
0.046724,0.720200
0.026550,0.600725
0.048171,0.718979
0.039734,0.710678
0.047633,0.723142
0.053109,0.746215
