0.046434,1.724779
0.060228,1.714227
0.059003,1.737107
0.059428,1.728934
0.060912,1.781060
0.059183,1.752191
0.062085,1.761032
0.054845,1.778119
0.033869,1.660755
0.059296,1.768236
0.061883,1.792148
0.058484,1.766741
0.064533,1.774281
0.064135,1.748584
0.060706,1.777341
0.039958,1.723823
0.067533,1.772350
0.046065,1.721289
0.062271,1.765823
0.063184,1.767647
0.063746,1.772790
0.053062,1.744441
0.058465,1.738928
0.059438,1.799056
0.034888,1.628473
0.036951,1.623788
0.063309,1.727004
0.064989,1.771776
0.057015,1.705748
0.059410,1.737773
0.057006,1.746060
0.063273,1.766408
