0.024360,0.048206
0.027446,0.048353
0.034845,0.060994
0.030695,0.053841
0.023074,0.047631
0.029487,0.050550
0.032480,0.054920
0.041385,0.062428
0.025615,0.048757
0.023421,0.048355
0.033232,0.058583
0.024496,0.047151
0.034035,0.057535
0.024705,0.048679
0.028822,0.051680
0.023294,0.047407
0.023606,0.049677
0.033183,0.057076
0.028604,0.049422
0.032594,0.055468
0.025930,0.047894
0.033850,0.058201
0.039756,0.063541
0.040084,0.063097
0.041840,0.066380
0.048563,0.076119
0.047266,0.069198
0.043265,0.071450
0.039464,0.058826
0.025297,0.047554
0.034571,0.056951
0.035049,0.063414
