0.038352,0.265518
0.024960,0.256411
0.044465,0.267917
0.041775,0.262739
0.024880,0.259327
0.048796,0.291719
0.025585,0.248987
0.032527,0.260418
0.040732,0.276743
0.026792,0.260570
0.024822,0.247341
0.033110,0.254537
0.032228,0.263705
0.024577,0.254388
0.038257,0.267045
0.044601,0.270906
0.028861,0.254937
0.041147,0.268344
0.043089,0.260342
0.045276,0.288367
0.047468,0.298183
0.024655,0.257349
0.031555,0.263579
0.040302,0.275419
0.024725,0.252356
0.043429,0.277697
0.025838,0.261117
0.026186,0.251303
0.039892,0.268272
0.040964,0.260179
0.043336,0.262877
0.046343,0.282136
