0.114130,5.465504
0.101128,5.413917
0.076981,5.347619
0.082542,5.448148
0.106596,5.479124
0.095385,5.417701
0.101295,5.397857
0.092506,5.527152
0.057307,5.440697
0.101598,5.379828
0.100874,5.428214
0.109936,5.434691
0.085016,5.447995
0.105908,5.448561
0.079582,5.479758
0.085369,5.512442
0.100799,5.491796
0.092227,5.477690
0.099530,5.404154
0.103150,5.404485
0.105487,5.418143
0.096527,5.430087
0.104873,5.518888
0.106758,5.363497
0.077327,5.456450
0.066913,5.311896
0.106971,5.382333
0.109605,5.511592
0.094693,5.337197
0.100646,5.366167
0.103229,5.400062
0.098381,5.550230
