0.093789,4.922479
0.101795,4.803358
0.107087,5.063020
0.094141,4.912575
0.091639,4.914844
0.090972,4.887675
0.101919,4.899401
0.088877,4.870468
0.094119,4.944538
0.088157,4.864835
0.080056,4.912949
0.091832,4.777965
0.099300,4.924168
0.090236,4.840444
0.088888,4.779981
0.097727,4.828091
0.095159,5.005501
0.098066,4.842160
0.091504,4.886562
0.099496,4.900436
0.091036,4.802439
0.093196,4.965866
0.091696,4.755566
0.091697,4.910583
0.094140,4.958793
0.092837,5.003578
0.095177,4.882912
0.083499,4.882028
0.099968,4.898603
0.088012,5.040173
0.090958,4.959310
0.088412,4.854369
