0.068746,2.491035
0.072497,2.481045
0.073692,2.458234
0.065962,2.437068
0.054106,2.397517
0.066802,2.386239
0.054802,2.431246
0.064653,2.524153
0.067276,2.401809
0.048519,2.440997
0.054466,2.426733
0.103868,2.402242
0.065938,2.416752
0.079199,2.429063
0.068091,2.400256
0.073417,2.407675
0.055329,2.438338
0.037930,2.306760
0.066960,2.376616
0.056754,2.419738
0.055977,2.391962
0.068211,2.456844
0.065828,2.466511
0.062321,2.395564
0.070641,2.416488
0.038720,2.314785
0.062698,2.381567
0.069243,2.403831
0.065651,2.390441
0.065066,2.361264
0.067932,2.376390
0.073977,2.449385
