0.055693,1.018154
0.056089,1.024903
0.043084,0.980825
0.051115,0.993153
0.049239,0.995072
0.049940,0.993790
0.040752,0.974718
0.029901,0.926293
0.035322,1.001131
0.050272,0.985714
0.046194,1.004829
0.051355,1.017758
0.058630,1.048540
0.049237,1.030213
0.053038,1.018462
0.041191,0.991565
0.050735,0.996243
0.047751,1.018394
0.055841,1.035804
0.052277,0.994688
0.047563,0.998371
0.054182,1.019516
0.053301,1.015714
0.027706,0.874303
0.034372,0.882291
0.040989,1.001888
0.038603,0.981091
0.054104,1.021607
0.048872,1.025464
0.054723,1.016388
0.052207,1.011369
0.034991,0.966620
