0.078469,2.923108
0.071873,2.883784
0.077362,2.876056
0.051144,2.759978
0.077682,2.894179
0.049125,2.855271
0.071357,2.865345
0.079921,2.935721
0.075533,2.839523
0.069531,2.831573
0.077280,2.877559
0.080638,2.950936
0.075914,2.858146
0.082208,2.964479
0.073152,2.870392
0.051395,2.880528
0.075824,2.922591
0.071517,2.869337
0.071836,2.817485
0.074270,2.859879
0.078740,2.959903
0.080679,2.868994
0.073853,2.921795
0.069426,2.857834
0.071678,2.869840
0.059991,2.903542
0.077266,2.875998
0.055146,2.779913
0.078549,2.887287
0.061642,2.908381
0.071124,2.862191
0.062086,2.851762
