0.047455,0.646580
0.049297,0.637767
0.027105,0.566126
0.048232,0.648482
0.045203,0.640517
0.029651,0.538760
0.035987,0.630603
0.052707,0.672408
0.052611,0.650960
0.027485,0.587893
0.042687,0.652109
0.037732,0.632226
0.039401,0.638356
0.046774,0.661725
0.029541,0.593917
0.047715,0.641755
0.027455,0.594489
0.041357,0.637137
0.052822,0.643336
0.033237,0.607833
0.042530,0.622942
0.049832,0.654621
0.047132,0.644353
0.047001,0.628307
0.052416,0.705482
0.027406,0.574110
0.034965,0.617213
0.045610,0.634708
0.049656,0.639692
0.049774,0.647186
0.027340,0.588255
0.047457,0.635355
