0.082179,4.425562
0.085493,4.349300
0.082601,4.359319
0.089036,4.376031
0.094374,4.364230
0.075638,4.316645
0.094570,4.361105
0.089259,4.254323
0.099333,4.377954
0.093866,4.410835
0.072442,4.533969
0.077153,4.445021
0.087248,4.332898
0.083469,4.360560
0.074926,4.357924
0.086135,4.356657
0.065592,4.262431
0.087485,4.342666
0.085052,4.456583
0.064392,4.357689
0.066768,4.233430
0.068898,4.416879
0.068243,4.360404
0.096187,4.550450
0.067100,4.307971
0.089040,4.447286
0.083523,4.374544
0.087795,4.432472
0.095058,4.316334
0.072896,4.382345
0.085528,4.327813
0.090337,4.353996
