0.077619,3.401529
0.076069,3.468145
0.083793,3.540353
0.049571,3.392262
0.067152,3.376323
0.082286,3.446824
0.057218,3.401288
0.077962,3.490359
0.085650,3.447019
0.080079,3.432622
0.077606,3.431531
0.084457,3.530602
0.063317,3.382789
0.081424,3.354692
0.087674,3.478285
0.078786,3.463876
0.080894,3.464260
0.086537,3.437959
0.077821,3.489698
0.076663,3.386879
0.082780,3.414508
0.076936,3.447178
0.077460,3.445092
0.074258,3.391000
0.076878,3.538997
0.077638,3.425623
0.076395,3.335619
0.086138,3.494727
0.061295,3.470517
0.077240,3.548379
0.075064,3.502141
0.057767,3.456928
