0.041804,0.076822
0.041492,0.072174
0.042037,0.072897
0.041179,0.075572
0.039905,0.080559
0.029359,0.060777
0.023797,0.061156
0.023103,0.061409
0.022950,0.060562
0.023359,0.060756
0.038178,0.076294
0.041758,0.075276
0.036050,0.073782
0.044267,0.077581
0.044288,0.078985
0.044273,0.081173
0.045357,0.086359
0.043125,0.079048
0.042081,0.080264
0.042508,0.075279
0.042360,0.076231
0.033522,0.070328
0.043681,0.075007
0.039351,0.076968
0.042112,0.070946
0.029126,0.064892
0.044499,0.078627
0.041356,0.077760
0.028033,0.066006
0.043202,0.077422
0.025185,0.060020
0.032301,0.066674
