0.053421,1.903465
0.066306,1.977769
0.062216,1.951367
0.034276,1.822809
0.054694,1.951058
0.048023,1.920027
0.034198,1.845431
0.046283,1.944998
0.049083,1.871953
0.059426,1.913037
0.059203,1.929568
0.069743,1.982575
0.075634,1.999446
0.069939,1.971367
0.059682,1.941237
0.041603,1.796351
0.060432,1.939368
0.067349,1.948132
0.058563,1.907919
0.062862,1.939574
0.058005,1.929380
0.064642,1.947917
0.042721,1.899688
0.054296,1.930790
0.061865,1.889689
0.034895,1.822636
0.064300,1.879532
0.051742,1.914774
0.064959,1.942974
0.060077,1.887603
0.066176,1.957579
0.064953,1.946957
