0.066654,4.031887
0.063610,4.146879
0.085575,4.044745
0.062335,4.143965
0.086970,4.202319
0.082543,4.079572
0.099971,4.218136
0.099822,4.117543
0.081054,4.161810
0.081934,4.093413
0.083890,4.057307
0.070654,4.126224
0.093069,4.043964
0.086416,4.159964
0.086196,4.066835
0.051725,4.036556
0.086031,4.163180
0.066786,4.144108
0.083005,4.143079
0.080991,4.124978
0.068426,4.249026
0.090410,4.035334
0.082948,4.212029
0.073835,4.088689
0.090534,4.091476
0.082546,4.146455
0.065737,4.058057
0.080649,4.100434
0.092669,3.975953
0.091500,3.986353
0.079598,4.089920
0.072748,4.132836
