0.062448,1.515203
0.039353,1.416386
0.057589,1.498831
0.043808,1.534704
0.064136,1.560059
0.037375,1.509604
0.050059,1.479023
0.056553,1.507935
0.058005,1.483217
0.065509,1.514595
0.046452,1.482613
0.061481,1.507615
0.055248,1.499908
0.048361,1.524964
0.065297,1.550910
0.061007,1.502200
0.058166,1.668209
0.068660,1.588304
0.032447,1.405361
0.058347,1.550894
0.055747,1.505543
0.058054,1.499356
0.061479,1.507846
0.057990,1.497974
0.033898,1.486074
0.056495,1.506530
0.060558,1.540082
0.062567,1.500924
0.059943,1.507957
0.067308,1.556424
0.057171,1.506282
0.058168,1.512903
