0.066578,2.168125
0.065269,2.088633
0.061828,2.120999
0.069909,2.185200
0.072662,2.126920
0.063702,2.137777
0.061924,2.153578
0.064548,2.111459
0.063131,2.118047
0.062690,2.186220
0.062645,2.129581
0.066995,2.137098
0.063652,2.179341
0.046051,2.051421
0.070102,2.119316
0.061962,2.057777
0.063439,2.194490
0.062498,2.135301
0.069238,2.178106
0.062633,2.105428
0.065456,2.176364
0.062578,2.131867
0.046572,2.049718
0.073970,2.180524
0.067179,2.112829
0.051626,2.123723
0.055808,2.123137
0.063149,2.110805
0.064699,2.117676
0.065052,2.122827
0.060682,2.124341
0.063937,2.119109
