0.082363,3.962904
0.086950,4.022781
0.082121,3.985631
0.094396,4.213946
0.085153,4.133286
0.083087,4.067998
0.083899,3.982489
0.093638,3.983400
0.082838,4.060168
0.084679,3.955996
0.091703,4.065537
0.081534,4.040825
0.090950,4.073123
0.090562,3.993409
0.084806,4.027237
0.088632,4.033513
0.091755,3.875021
0.086893,4.013098
0.072311,3.886582
0.090701,4.115318
0.076893,4.036846
0.087979,3.940845
0.093782,3.972926
0.087791,3.993263
0.080623,4.079432
0.082454,3.891624
0.063022,3.986604
0.090499,3.974111
0.090674,4.070697
0.084807,4.063426
0.087924,3.893338
0.092133,4.017640
