0.068257,2.302978
0.036842,2.270852
0.064435,2.320649
0.049438,2.348068
0.066013,2.356767
0.073379,2.381169
0.063023,2.362545
0.073670,2.353813
0.074898,2.362472
0.069313,2.302524
0.078101,2.387196
0.063484,2.344318
0.048688,2.252482
0.081735,2.392888
0.068767,2.367874
0.070387,2.365841
0.068304,2.300119
0.067457,2.382382
0.071330,2.376401
0.075746,2.363846
0.064049,2.309840
0.036562,2.188169
0.066264,2.302994
0.075824,2.391167
0.065540,2.324599
0.065900,2.349074
0.068035,2.386158
0.065042,2.271228
0.066150,2.310679
0.061584,2.369920
0.050658,2.290234
0.036689,2.219177
