0.083587,3.007249
0.073583,2.967333
0.080176,3.036925
0.080872,3.071502
0.058619,3.011206
0.073660,3.048696
0.042681,2.875832
0.047796,2.903915
0.061563,3.138356
0.073215,2.980046
0.074119,2.945742
0.069831,3.017577
0.060799,3.060841
0.072629,3.076946
0.072980,2.967327
0.077439,3.069008
0.063331,3.189656
0.073695,3.019696
0.072735,3.041141
0.076032,2.993374
0.073721,3.108486
0.071721,2.989784
0.082356,3.125753
0.085141,3.034296
0.071730,3.027264
0.080639,3.024803
0.064815,3.080573
0.071778,3.014818
0.063202,2.985679
0.062850,3.062273
0.073892,3.046843
0.073343,3.033761
