0.055918,2.995009
0.061130,2.762434
0.070937,2.789991
0.058702,2.805100
0.070834,2.770623
0.079913,2.889848
0.071976,2.755149
0.072160,2.727670
0.055784,2.757456
0.070446,2.847891
0.052482,2.792386
0.064273,2.780048
0.052407,2.783217
0.061212,2.841109
0.077785,2.864852
0.073623,2.819663
0.053622,2.805812
0.070537,2.783432
0.085443,2.850213
0.080535,2.750086
0.069666,2.821343
0.062819,2.761798
0.077353,2.773667
0.067322,2.790750
0.074103,2.793158
0.059342,2.794219
0.081198,2.825677
0.070712,2.795177
0.078510,2.807614
0.050741,2.760033
0.058466,2.734593
0.056925,2.764355
